200 20
11 83  7 59 18 49 15 84  0 35  8 68 19 58  6 66 13 44 14  2 17 63  2 25  4 70  1  1 16 84  3 56  9 35  5 46 12 81 10 58 
 0 11 14 67  7 45  1 86 11 91 16 60  6 61  4  6  8 95  5 18 13  7 18 73  9  3 17 92 15 30 12 93 19  7 10 37  2 14  3  9 
15 34  4  5 10  2 14 72  5 26 13 55  9 24 19 61  8 28 16 98  7  3 12  1 11 28  1 92  3 39  6 26  0 91  2 41 18  6 17 92 
 0  9  5 77 11 47  7 45  6 82 10 20  4 86 18 88  3 18  8 83 14 22  9 73 17 92  2 84 19 68 13 55  1 65 16 10 15 64 12 60 
 3 62 10 75  1 29 13 81 18 89 19 34  5 34 11 24  6 98 17 95  8 60 14 23  9 54 16 72  4  3 12 82  2 41  0 49 15 97  7 49 
 3 80  1 95 17 51 16 96  2 24  5 15 14 90 12 73 11 99  7 68 13 96 19 67 15 96 10 56  0 23  6 38 18 97  8 44  9 41  4 83 
17  8 13 92 18 66  1 59  9 31  8 63 11  2  4 13 16 32  5 39  3 53 10 24  2 85 12 25 14 53  0 90  6 49  7 42 19 54 15  1 
19 10 14 68 16 86 17 26  7 64  9 30 11 78  2 71 15 95  3 17 18 92  5 30 12 41  6 54  1 12  4  4  8 17 13 60 10 54  0 83 
10 24  3 23  5 46  8 39 14 32  4 40 16 52  2 36 17 83 15 23 18 18  7 92 12 95  9 67 19 31 13 25  0 69 11 46  1 51  6 93 
15 54  2 81  7 37 11 52 12 66  4  2 17 96  8 95  0 44 10 91 14 83  5 67  9 22  6 44  3  1 19 21 13 45  1 37 18 71 16 50 
16 52  4 19  1  8 17 85  5 64 12 32 15 22  0 37 14 54 13 96 18 92  2 58 19 16 11 86  3 57  7  3  8 68  9 94 10 17  6 30 
15 29  6  8  7 89  3 33 19 14 13 99 14 84  0 78 12  5 11 76 17 61  2 95  4 21 16  9  1 95 18 56 10 27  8 75  9 42  5  5 
10 57  0 30  7 52 13 90  4 58 17 10  2 43 15  7 14 80 12 16  5 10  9 92 18 56 16 21 19 76  3 15  1 95  8 10 11 64  6 68 
 8 46  2 77  7 23 16 33 18  4 12 66 11  5 19 52 15  2  4 34 14 24  9 89  3 46 17 35  6 10  5 24 10 53  1 98 13 19  0 49 
18 91 11 95 13  1 16 90 17 75  6 59  0 36 14 57 12 73  3 39 15 82  2  7  8 27 19  1  4 39  7 21 10 70  5 14  9 12  1 69 
13 33 12 13  9 76  0 33 17 65 15 24  1 50 19 39  6 41  7 70  5 47 18 89 14 32  4 49 16 71 11 31  2 13 10 68  3 65  8 93 
13 55 18 81  9 36  4 28  1 94  8 85 17 20 16 94  5 77 14 20 19 74 15 32  3 68 10 24  7  1  2 75  6 16  0 79 12 82 11 35 
13 78 10 89 12 63  0 41 19 19 14 68 18 87  8  6  5 51  3  1 11 48  1 75  9  5  2 47 16 92 17 45  6 52  7 21 15 27  4 84 
10 90  4  4  3 70 17 36 13 46  1 78  2 60  0 67 12 39  6 71  7 61 15 75  8 13 16 69  9 76 11  4 18 54  5 97 19 29 14 59 
18 44  6 89  9 36 13 25 19 32 14 77  3 72  5 39 12 81  1 58  4 49 17 56  7 22  8 46  2 15 10 58 16 53 11 27 15 56  0 11 
15 25 13 66  1  4  4 23 19 78 14 29 18 16  5 69  8 26 16 68 10 95 12 56  6 31 17 10  7 83 11 74  3  3  2  8  0 24  9 68 
 9 19 17 29  5 94 18 24  8 86 12 16 14 64 13 39  0 20 10 57  6 15 11 34  1 68  7 82  4 57  3 13 19 57 15 86  2 72 16 33 
 1 46  7 84 17 16 11 12  9 22 14 73 18 31  2 90 15 57  0 94  4 23 19 51 10 17  5 73 12 23  6 34 16 48  8 83  3 32 13 35 
19  6 10 32 13 10 18 62  7 74 12 82 11 51 15 51  3 51 16 71  9 28  4 27  0 87  6 22  2 33 14 45 17 44  5 96  1 81  8 53 
 6 43  9 42 17 66  2 75 11 65 16 83  4 64  1 21 13  6  0 53 10  1 12 67 18 80 15 25  5 37 14 71 19 17  8 48  3 43  7 12 
10 90  1 67 14 42  7 71 15 13  4 98 13 24  2 77  5 69 17 90  0 80  8 73 18 54  6 13 12 29 11 25  9 62 16 11  3 44 19 13 
 8 73 12 67 13 52  7  6  5 30  6 25 19 73 11 86  3 53  1 19  9 84 15 52 17 80 16 63 10 21  4  2 14 78  2 29 18 44  0 90 
17 99 18  6  1 72  8 67 16 69  7 50  5  2  0 53 11 31  9 61  4 81 15 94 12 23 19 89  2 21  3 75 13 99 14 51  6 68 10 97 
 6 48  8 70  7 62  0 60 16 74  5 98 18 26 13 96  9 10  1 68  2 36  3  6 14 24 17  4 10 12 19 29 15 46 12 79  4 28 11 79 
10 54 15 41  7 61 13 56  9 42  2 59  8 95  6 46  1 43 17  1 11 49 19 42  5  2 12 32  4 55 14  2  3 57 16 60  0 76 18 40 
17 79  1 43  4 79 11 50 13 51 14 23  9 12 19 38  6 80  7 65 15 42 10 91  0 76 18 74  8 36  5 27  3 47  2 44 12 10 16 69 
10 33  7 65 13 93  8 44  9 80  3 83 12 54 15 91  6 87 17 37 19 71 18  3  4 33 14 38 16 80  2 91  1 79  0 55 11 90  5  5 
14 76  8 18  7 19  5 57 13 71 10 86  6 59  2 17 18 21 16 42 15  2  9 51  3 84  4 22 11  7 19 17  0 52  1 84 17 16 12 28 
 9 23 13 48 16 68  6 91 10 76 19 92 12 39  4 12 17 15  3 42  5  5 18  5 11 85 15 78  7 75  1 81  0 51  8 35  2 70 14 87 
 9  2 12 37  6 30  8 14 11 44 10 68  3 22  4 24 15 13  7 80 14 50 17 89  1 12 18 45 19 36  2 30  5 28 16 56 13 58  0 60 
12 92 13 34 11  2  1 35 10 82 14 60 19 76  7  3  6 89  9  8  8 97  2 23  5 26 18 49  0 66 17 37 15 55  3 72  4 70 16 63 
 1 72 15 41 12 53 18 83 10  4  9 68 13 40  3 80  8 17  7 90  5 57  2 81 19 24  0 26 14 35  6 13  4 38 17 59 16 46 11 38 
14 72 11 65  2 50  9 92 10 88 13 11 15 83 18 87  3 42  7 57 17 87 16 83  5 43  4 98  1 47 12 74  6 61  0  3  8 81 19 18 
14 13  1 44 13 84  8 19  6 69 10 23  7 32  0 30  9 26 19 64 16 55  4 27 15 52 17 17  2 97 18 21  3 73 12 45 11 31  5 49 
 2 38  5 80 16 48 18 54  0 54  7 38 13 39  3 49  4 29 19 98  8 86 12 20 17 23 15 22 14 81  6 38  1 98 11 96 10 90  9 14 
 9 70 12 48  6 93 19 86  2 21 11 97  1  7 17 68 13  5  8 13  7 26 15 79  4 94 18 25 10 50 16 31  0 37  5 83  3 41 14  7 
14 93 11 75  3 33  9 46  6 14 17 17  4 70 13 63 19 38 16 63 10 45  0 99  7 41 15 12 18 64 12 34  5 12  1 54  2 66  8 31 
12 60 18 97  6 95  7 41 13 71  1 88 19 91  0 92 10 99  9 52 15 69 17 79 11 30  8  3  5 55  3 59 16 88  2 28 14 71  4 73 
18 53  1 97 10 53  4 29  7 64  2 19 14 15 13 79  3 99 16 39 12 72  5 82  6 77 11 25 19 96 15 92 17 98  8 79  9 31  0 19 
 7 56  4  6  6 63 16 50 12 67  1 80 18 60  0 36  8 10 17 14 19 44  5 81 13 54  3 20 10 67  2 25 14 49 11 78  9 75 15  3 
16 83  4 73  1 22  2  4  0 30 17 27  6 76  8 54  9 48  3 82 12 89 10  8  7 80 18 26 13 98 11 97  5 10 19 66 14 76 15 77 
17 75  3 99  2 70  4 75  8 16 19 69 16 52  6 21 15 23  1 28 10 56  5  5  7 78 13 72 12 56 18 23  0 30 14 51  9 27 11 38 
16 96 17 25  4 56 13 67 18 77 15 61  7 55  5 87  0 20 14 60  8 40  6 23  9 17 10 24  1 37  3 52 12 46 19 96 11 19  2 46 
 3 34  8  9  7 13 15 74  9  4 12  5 17 41  4  3  2 61  5 28 11 48 14 63  6 37  1 58 13  6 10 91  0 35 16 95 18 98 19 90 
 3 50  0 26 17 10 10 75  4 93 13  9 18 92  7 55  9 63 15 51  2 33 14 60  5 91  6 51  8 96 12 18 19 75 11 73 16 50  1 62 
12 28  8 41  6 92 11 57  3 10 16  5 10 85 19 41  1 98  7 12 15 62  9 39  2 53 14 51 13 81  4 56  0 39 17  5 18 90  5 65 
17 83  3 57  2 47  7 37  1 10 10 13  6  1 14 98 19 35 11 17 13 59  8 86  4 16  0 66  5  1 18 19 16 10  9  1 15 59 12 67 
 1 24  8 69  7 87 11 87 15 95 14 44 10  8  6 42  9 21 13 39 17 75  5 79  4 73 16 21 18  8  3 87  2 66 19 25 12 58  0 91 
 4 45 11 29  8 95 17 55  3 62 13 97  9 77  2  2  0 43  1 68  5 94 16 20 15 61 10 78 12 65  6 70 14 42  7 69 18 59 19 38 
18 79  6 55 17 65 11 61  3 85 13 36  9 31 15 80  8  1 12 62  5 73 10 31  2 62 19 13 16 27  7 28 14 52  0 71  4 76  1 73 
13  8 19 75  7 10  9 65  2 39 11 50 14 15  0 46 16  6 15 16  1 87 10 31  4 78  5 33  3 81 17  1 18 86  6 16  8 64 12 55 
11 45  8 51 10 66 16 28 12 56  7 42 15 93  4  5 14 99 17 16 19 76  1 32  5 29  9 33  2 23  6 65 18 52  3 99 13 91  0 12 
 4 57 17 91  6  8 10 79 16 61  7 54  2 47 19 93 11 39 13 62  3  6  1 63  8 28  5  4  0 84 12 60 15 70 18 22 14 76  9 61 
17 97  2 40  7 40  4 86  9 97 15 45 19 31 16 56  5 95 12 30 11 87  3 23  1 71  0 61  8 92  6  1 10  5 14 92 18 26 13 15 
12 24  4 58 19 62  5 41 17 11  6 17 14 45 11 73  0  2 18 57  8 65  2 51 13 75  7 59  1 97 10 88  3 52 15  8 16 59  9 71 
 7 18 19 68 12 70  3 85 15  8 10 96  2 82  5 34  0 76  9 45 18 99 17 39  1 26  8 76  6 45 11 77 16 97 14  3 13  5  4 53 
 7 12  8 60  4 53  3 51 18 17 19 41 11 25 14 90  6 21  0 65 16 34  5 51 17 60  9 51 10 67 12 97 15 40  1 24  2 22 13 29 
17 29 13 36 19 91  6 68  3 64 18  2 12  6  9 65 16 44  8 50  5 21  1 64  7  6 14 99 11 44  4 13 15 42  2 12  0 15 10 42 
16 32  2 59 11 29  7 75 12 54 14 93  9 41 17 10  0 63 10 70  4 84  1 23  6  9 13 39 19  9  8 23  5 68  3 65 15  9 18 64 
16 83  9 26  7  3 18 37 11 66  8 63  4 10  3 83  2 80 15 45  1 16  0 82 19 12  5 85 10 30 12  2 13  7 14 13 17 35  6 46 
 4 21  1 29 17 50  6  5  8  6 13  6 19 88  0 50 14 50  9 65  3 68 12 71 10 45  5 51 18 52  7 53 16 37 15  1  2  9 11 41 
12 88  6 55 16 65  0 97  2 94 19 73  4 47  8  8  7 74 14 43  5 98  3 13 18  8 11 32 15 53 10 70 13 70 17 37  1 52  9 21 
15 41 18 31 11 53 13 34 19 88  7 96  1 69  2 92 16 35  8  3 14 53 17 92  4 54  9 21 12 90 10 68  3 23  6 16  5 39  0 25 
 2 35 13 49 11  2 12 34  4 89 17 36  7 81 14 29  6 99  8 96  5  5  3 28 15 97 16 11 19 79 18 91  9 65  1  5 10 94  0 94 
 9 84  6 34  7 56  8 77 14 31  2 97  3 80  4 88 18 33 16 73 15 71 12 37  0 78 13 81 10 71 19 50 17 46 11 90  5 22  1 25 
 9 78  2 93 12 11 15 53  8 57 13  3  1 52 19  4  5 99 16 24 14 10  7 41  4  9 10 27 11 19 18 90 17 55  6 43  0  5  3  9 
 6 20 18 46 11 57  8 63  4 70  7 64 19 55  9 30  5 26  2  6 17 70 15 48  0 91  1 97 16 77 10 94 13 88  3 75 12 52 14 77 
12 35 16 41  8 48 19 97 17 73  0 73 14 67  6 19 18 72  1 82  5 79  4 45  9 28 13 64  7 22 15 65  3 79  2 14 11 29 10 36 
10 55  1 54  2 86  8 10  7 73 12 32  4 61 19 50 16 33  5 81  6 57 14 99  9 12  3 49 18 37 17 72 11 90 15 60  0  6 13 66 
 7 35 14 34 12 97  5 23 10 69 13 56  3 38 16 15  2 67  1 75  4 52 19 91 15 55  0 56 11 73 18 80  9 88 17 25  6 20  8 65 
 1 65 13 76 17  6  0 39 19 91 12 84 15 14 16 13 10 32 18 29  4 23  6 12  5 33  2 59 14 40  3 21  8  8 11 82  7 73  9 77 
13 53  4 21  7  5  9 41  8 93 18 28  2 37 19 76 12 43  6 32 17 17 14 11  0 72 16 32  5 47 15 68 11 90  1 65 10 63  3 60 
14 91  3 81  1 76  4 44 17 30  7 84 16 54  0 26  8 19 11 93 10 83  6  7 12 44 18  8  5  5 13 66  9 58  2 98 15 81 19 36 
12 33 13 56 11 85 18 15  9 38  8 64  2 24  4 73  5 19  0 26 14 59  6 12 10 14 17 22  7 38  1 65  3 58 15 92 16 40 19 52 
18 92  5 12  7 82  3 41 19 51 11 46  1  7 13 30  9 26  8 89  6 62  2 81 14 82 12 85  4 70 16 34  0 15 17 98 10 97 15 48 
 6 11 16 10 10 73 19 50 13  3  0 16 15 24  9 88 12 94  8 11 17 58  7  4  4 66 18 58 14 42  5 69  2 98  1 50 11 25  3 46 
17 87 15 97 10 84 13 49 11 82 18  3  9 76  1 77  5 35  0 41  7 56  4 31 12 50 16 56 14 75  3 42  2 37  8 94 19  3  6 14 
 2 88  3 77  8 64  1 42 13  7 15 84 19 16  7 20  6 56 10  7  5 47 14  2  0 49  4 53 11 65 17 76  9 82 12 12 16 41 18 94 
15 84  5 99  1 61 11 28 16 59  0 64  4 51  7 77 13 26 18 43  8 72 17 63 12 68  9  4  6 86 10 87  3 77  2  8 19 47 14 38 
 6  7  0 40  3 96 14  7 12 82  9 61  8 89 16 76  4 35 18 97 13 95  1  5 10  4  7 11  5 83 19 65 15 86  2 14 11 17 17 34 
 2 51 10 72 19 74 13 35 11 92  0 53 17 19  4 90 12 35  9 47  5 49 18 34  1 68  6 46 14 80  8 30  7 71 16 31  3 50 15 70 
 7 31 10 71  4 45  6 75 12 40 15 87 16 55 17 21 11 18  9 21  1  1  2  5 19 17  8 83 18 58 13 68 14 66  0 89  5 35  3 67 
 7 85 12 13  3 46 14 96 10 90  2 31 15 75 18 88 16 18  9 80  5 48  1 74 11 55  8 68 19 88  4 85 17 55  6  6 13 82  0 82 
17 89  6 52  8 29 11 38  7 90 13 70  0  4  5 86  1 48 10 59 16 75  4 38  9 37  3 46 18 40 15 23 19 19 14  3 12 35  2 71 
15 64  1 60  7 86 19 14 10 61  6 87  5 47 17 83  2 66 16 78  8 90 14 80 13 80  3 58  4  8  9 14 11 43  0  4 18  1 12  3 
17  5  5 61 19 23  4 57 16 67  7 49 13 88 10 23 11 12  2  3  8 29 14 69  9 52 15 13 18 16  1  2  0 13  6 50  3 46 12 73 
17 85 18 86 19 48  7 71  6 83 13 17 15 17  1 18 16 34  9  7  8  2  5 41 14 34  3 37 11  7 12 88  0 59  4 56  2 63 10 50 
 8 59  2 49 13 81  6 13 18 29  3 19 19  5  7 77  0 71  4 11  1 68  9 90 10 62  5 96 14 70 17 31 12 55 11 80 15 55 16 85 
14 85  7 88 17 97 18 58  4 83  9 47 12 84 13 95 10 62  5 72  6 75 11 40  0 52  8 79 19 48 15 53  1  5  3 38 16 44  2 28 
18  4  4 16  1 82 13 45  6 65  3 35 16 58  0 31  8 45 14 12 11 58 19 51  9 43  7 12 17 48  2 38 10 72  5 93 12 11 15 94 
16 42 19 49 13 84 18 90  7 16 10 78 17 83  3 82  9  7  6 99  0 22  4 14  8 63  1 81 15 78 14  7  5 31 12 14  2 59 11 33 
10 14  0 67  1 66  9 24  3 75 18 85 13 62  7 59  8 65  5 74 15 58  2 18 17 90  6 81 11 53 16 24 12  8 14 17 19 99  4 62 
 4 68  9 93  3 19 10 51  8 36  6 85 12 66 18  7 17 51 16 89  7 11 11 70 15  2 13 11 19 49  5 41  0 68 14 80  1 51  2  2 
 5 92 19 16  0  6 13 22 16 93  6 89 17 29 10 34 15 62  1 19  3 61 14 18  2 91  8 16  9 27  7  4 12 69 18  2  4  7 11 83 
 4 16  7 19 14 32  8 39 13 19 12 51 11 11  1 31 17 23  9 72 19 49  0 71  2 33 16 73  6  3 15 54  3 37 10 24  5 17 18 60 
 8 53 10 40  5 82  0 42  7 98  2 86 14 50 12 57  3 28 15  7 18 13  9 24 11 61 16 54  4 97 13 92 19 86 17  5  6 32  1 11 
 3 44  4 50  6 39 10 81 16 51  5 92 13 65 18 20  1 75  0 60 14 95  9 28 15 14  7 28 17 54 12 55  8 91  2  3 11 28 19 93 
 0 52  8 67 13 64  5 83  2 37  9 21 18 10  1 62 14 74  6 86 17 71 15 43  3 24 19  5 12 78 10 10  7 40  4 51 16 89 11 54 
12 74  9 86 14 71 19 80 16 21  2 14  0 49  6 16  1 26 13 34 17  2  8 17  7 47  5 68 10 21 15  8  4  8 11 51  3 21 18 71 
 9 89 17 50 12 80 18 88 13 16  8 58 15 20 10 32  6 42 14 89 19 79  4 87  5 73  2 74  0 17 11 53  7 81  3 85 16 55  1 57 
11 73  5  5 18 26  0 57  9 45 16 40 19 46 15 15  4 79  7 48  8 20  3 69 17 16 13 29  2 48  1 38 14  6 10 18 12 62  6 86 
 7 57  3 89  9 91 10 96 13 66 19 49  6 88 14 62  5 86 16 80  0 13  1 58  2 81 18 70  4 48 17 61  8 12 12 69 15 76 11 23 
 4 30  5 65  9 26 18 60 10 38  8 66 11 76  0 85 16 39 13 96 12 19 14 75 19  5  7 91 15 14  2 46  1 27 17 69  6 95  3  3 
17  1  4 99  8 97  3 17  7 51 13 63 12 82 14 79  9 60  0 61  5 92 10 58 15 13 19  2  2  3  1 74  6 43 16 34 18  6 11  1 
 0 18  8 77 19 12 18 36 13 64  7 35 17 66  3 86 15 98  6 54  2 11 14 41  9 15  4 87 16 76  5 33 11 85 12 12  1  1 10 62 
10 29 12 17  1 21  6 93  2 39  5 48  0 46 13 60 16  9 17 61  3 43 18 47  8 47 15 92 11  2  7 77 14 58  4 71 19 16  9 50 
 6 91  7 42  5 32 10 96  1 58  3 24 18 56  2 63 15 74 16  1  4 42 14 84  0 56 11 44 13 58  9  1  8  5 19 53 17 44 12 52 
18 48  2 16  4 37 15 60  7 54  5 32 11 69  3 25 13 48  6 72  0 77  9 29 17 64 16 10  1 53 19 90  8 71 14 84 12 82 10 93 
17 23 13 28 14 99 19 49  0 79  4  7  9 32  6 89  5 12  1 22  8 54 12 88 18 69  7 65  3 95 11 84 10 32 16 64 15 33  2 55 
15 97  1 49 13 11  8 79 19 86 17 67  6 51  2 80  9 29  0 75 14 64  7 59  4 92  5 85 16 92 18  3 10 94  3 69 11 34 12 27 
 8 75 12 20  5 87  2 67 19 70  0 23 15 93 14 31  4 72 18 16 11 36  1  5 17 59  3 75  9 85 10 24 16 29  7  5 13 47  6  1 
14 24  6 13 16 27  9 21 11 29 12 19 13 91  4 37  2 93 15 76 19 75 17 15  5 70 18 70  3 91 10 57  7 18  1  8  0 29  8 73 
12 16  2 15 13 76 16  1 11 93 18 87 19 60 17 67 15 27  7 91  1 45  8 28  3  7  0 68  4 97 14  6 10 50  6 71  9 52  5 99 
14 81  6 53  9 16 18 88  3 16 13  3  2 49 15 62 19 26 17 26 12 43  5 31  1 75  7 35  0 72 10 37  4 79  8 94 11 94 16  7 
14 93 19 21  5 92  3 60 12 42 15  9 16 93 13 68  9 28 18 29 10 45  1 94  7 97 17 78  0  5  4 66 11 85  2 39  8 18  6 80 
11 43  7 33 14 21 13 63  3 56 17 90  9 12  8 12  0 79  5 51  4 99 19 98  6 68 15  8 10 61 16 41  2 58 12  8  1 42 18  9 
 7 66 18 83 17 38  0 40  1 57 16 62 12 31  9 21 14 88  6 59  8 82  3 96  4 69 15 11  2 49 19  1 13 56  5 97 11 21 10 26 
 1 53  5 12 16 91  3 86 17 66  2 85 15  2  6 78  4 23  9 28 11 16  8 35 13 55 10 35 14 51 12  3 18 25  0 54  7  6 19 10 
 1 10  0 63 16  3 10 67  8 82 14 12  2 99 17 57  6 70  5 67 11 82 13 37  4 16  9 47 15 90 12 71  7 74 19 75  3 31 18 69 
14 86  0 17  5  1 18 39 10 42  7 35 17 85 13 35  2 93 19 48  6 22 15 76  3 25 16 42 11 65  1  3 12 79  9 95  4 59  8 24 
10 83  7 72 14 50  6 93 13  8 11  7 15 79  9 57  4 95  8 68 19 67 12 15 16 58  1  2  5 34  3 95  0 72 18 96 17 30  2 26 
 0 11  5 22 10 81  2 63  1 95  8  2  9 22  4 81 12  2  6 91 11  7 18 36  3 27  7 87 13 54 16 24 19  4 17 94 14  7 15 26 
18 11 17 21 16 46  8 91 19 30  6 18 10 37 14 35  2  4 15 64  7  9  9 57  3 51  4 41  0 90 12 24  1 28 11 94 13 80  5 32 
18 17  7 40  6 44 14 72  5 41  8 31 16 86 19  7  3 60  2 41 17 11  4 36  1 20 13 23  0 81 15 27 10 53 12  8 11 96  9 77 
19 39  1 40 11 37 17 70  7 13  3 43  4 36  6 81 18 55 16  4 15 60  9 20 12 31  5 66  0  9  8 22 10  6  2 84 13 94 14 15 
 2 52 13 12  5  1 16 32  0 52 11  6  7  9 17  6  9 18 15 97 18 82  6 12 14 62  3 43 19 88 10  4 12  8  8 89  1 49  4 27 
10 69  4 98  5 43  0 94  8 71  9 82  1 42  6 91 17 20 13 52  7 45 16 58 11  1  3 19 19  7 14  9 12 83 18 93 15 62  2 68 
17  6 10 78 12 55  7 62 19  1  2 33 15 26  9 20  0 21 11 99  3  8  5 91  8 76 14 52  4 33  1 15 16 72  6 34 18 34 13 96 
15 49  2 20 16 54  6 34  4 43  8 28 14 59  1 63 11 95 13 32 17 23 12 28 18 47  7 45  9 28  0 46 19 25  5 53 10 18  3 53 
 6 41  4 13  5 43 18  8  7 98  9 75  0 71 15 60 17 20  1 15 11 11 12 65  3 56  2 89 10 48 13 83 16 76 19 82  8 52 14 26 
 5 40 14 20  0 63  8 10 11 23  6 79  4 71 15 12 16 43  3 15 13 62  2 19 19  4  9 46  7 70 18 87 17 45  1 24 10 30 12 76 
15 37  6 58  2  5 12 29  1 20  9 24  4 40 17 34  5 53  3 72 10 12  0 26 18 12 14 40 13 74  8 29 16 43 11 42  7 12 19 43 
 6 62  9 35  2 62  0 20 10 17 11 44  8 94 18  6 13 83  7 85  3 14 14 71 15  5 16  7  4 53 17 43 19  2 12 11  1 18  5 89 
 0 68  1 94  7 87  9 34 12 10  2 76  6 29 16 41  5 30  3 58 19 34 10 83  4 15 13 30  8 28 15 24 17 40 11  1 18 72 14 82 
 2 55 18  9  8 85  0 74  3  6  5 16  9  5 15 24  7 12 11 33  4 30 16 34 10 34 14 17 12 75  6 38  1 49 17 78 19 19 13 35 
 7 51  5 40 11 28  2 84  8 78 15 93 12 39 18 14 14 57 17 52  3 94 16 10 10 35  1 97  0 93 19 87  9 47  6 27  4 18 13 24 
15 43 16  9  7 63  3 11  9 26  1 42 17 53  0 42 14  8  8  7  2 77 10 97 19 43  6 52 11 32 13 23 18 32  4 50 12 99  5 83 
 3 51 13 16 16 83 10 33  2 90  0 24 15 21 17 95  4 11  5 56  8 21  7 37  9 72 11  5 18 94 19 28 14 26 12 67  1 52  6 95 
 7 82  8 72  3 62 19 61  1 22 12 18 11 66  2 28  5 88  0 48 16 87 18 41 14 78 17 70 15  2  4 15  6 13  9 25 13 44 10 62 
 1 28 19 24 12 56  8 77 10 21 14 46 11 30  9 89  2 56 18 71  0 23  5 31 13 26  7 76  6 70 15 93  4 86 17 74 16 79  3 57 
16 40 14 72 10 96 11 52  9  4 17 17 13 25 18 92 12 67  2 77  1 62  4 11  0  3  8 75 15 21  5 79  3 90  7 70 19 40  6 51 
 7  7 15  7 11  2  1 61 13 34  3 46 14  7  9 22  4 36 10 36  6 11  8 95  2 11 18 69 12  8 19 56  5 33  0 69 17 87 16 58 
 8 31  1 11 10  5  3 15 12 51 17 76 15  1  7 51 16 30  9 36  4 17  5 52 19 61 11  9  2 80  6 10 13 75  0 66 18 32 14 14 
 9 84 18 94  4 61 14 90 12  9  5 72  6 66  8  5 17 76 10 41  2 87 15 80  3 50 19 45  1 95 11 12  7 32  0 52 16 28 13 75 
 5 60  8 21 14 60 10 52 12 42  0 47  4 77 11 93  2 27  1 62 13 24 15 37 17  4 19 75 16 56  9 16 18 76  6 64  7 85  3 11 
 3 21 15 10  9 87  5 47 18 40  7 45  1 48 17 27 12 63  0 29  6 36 19 25 11 74 14 19  4 20  8 78 16 51 13 32 10 69  2 23 
15 71 13  7  1 64  7 53  0 89  4 39 17 86  9  2 19 92  5  5 18 52 11 63 16 27 14 75  8 46  3  3  6 98  2 82 12  6 10 70 
12 51  9 89  8 36  2 84 18 95  1 12 19 97  4 75 10 57  0 79 13 91 17 77 15 17 16 86  6 58 11 43  3 15 14 90  7 28  5 45 
17  3 18 31 14 71  8 51 12  6  5 37 11  4  2 81  1 98 15 97  7 58 16 19 10 84  6  3 13 96  9 50  0 21  3 86  4 44 19 76 
 5 66 12  9 16 32 11 78  0 20  8 69 10 46  4  1  7 93  3 81  2 18 13 64 17 40  1 39 14 86 15 92 18 69 19 69  9 17  6 11 
19 98 11 80  2  8  3 98 14 56 10 47  1 26 12 30  9 49  6 55 18 75 13 66  5 44  8 12  7 60 17 81  0 82 15 38 16 29  4 72 
 9 55  8 18  4 32  1 78  5 95 12 40 16 79 19 35  3 41 10 40 15 65 14 89  2 16  6 20 11 86 18 59 13 49  0 86  7 36 17 25 
12  6 16 51  2 26 18 59  3 20  5 65  4 50 11 99 13 96 14 62 10 47  1 89  9 39  6 68 17 28 15 70  7 29  0 71  8 94 19 79 
17 51  2 73  5 20 11 26 16 11 12 46 14 35  3 87 15 84 13 95  4 84  1 97  6 50  9 10 18 99 10 97  7 86  0 83 19 27  8 84 
18 58 13 24  1 99  3 80  0 78 14 10 12 53  6 10 11 99  8 85 15 80 16  7  7 24 19 66  9 92 10 74  4 98  2  9 17 30  5 28 
 7  9  6 88 16 56  0 23  2 92  5 38 19 88 15 64  1 71 10 59  8 11 14 32 18 71  4 62  3 27 13 20  9 54 11 43 12  2 17 73 
17 69  8 47 19 60 13 75  9 13 16 22  7 16  0 60  3 87 18 80 10 33  2 14  1 59  6 99 11 97 14 55  4  3 15 40  5 30 12 36 
 1 56 10  2  7 31  0 70 15 92 16 87 17 49  9 25 13  5  5 42  2 66  3 18  6  1 11 43 12 32 14 46  8 48 18 20 19 11  4 23 
 9 29 14 22 17 17 18 19 13 35 12 28  4 19 15 29  7 80  3 59  5 86 19 95  0 36  6 79  1 82 11 89  8 72 16 27  2 86 10  4 
 1 76  9 31  4 93  5 64  7 87  8 84 15 62 13 41 12  6 10 36  3 12  0 18 14 68 19 96  2 90  6 34 16 67 18 61 11 73 17 64 
 1 41  8 28 16 39 19 34  9 36  2 13 12 95 17 12  0 10 10 30  5 34  3 92 11 14 18 15 15 10  4 98  6 75 13 62 14 12  7 88 
16  9  5 83  6 93  9 98  8 33 15 81  7 40 17 18  1 96 10 52  2 51 14 99  0 34 18 46 12 30 13 55  3 44  4 32 11 71 19 10 
15 83 18 66 16 20 19 22  2 73 14 76  6 59  7 74  5 23 12 90  3 53  0 11 11 43 17 88  1 76  8 65  9 44 10 52 13 25  4 54 
12 78 18 91 15 41 11 54  8 68  7 60  3 94  1  3  2 38  5 22 17 33 16 37 10 76 14 31 13 24  9 46  4 20 19 69  0 53  6 57 
12 80 10 12  4 46  2  5  5 20  7 42  9 66 11 32 19 43 18 58 14 63 17 89 15 54  3 79  0 28 13 42  8 90  6  6  1 66 16 29 
15 63  8 56  4 43 14 33 19 10 13 53  5  2 17 24  1  6  0 61  9 14  3 92 11 27  6 82 10 63  7  2 12 27 18 25 16 51  2 91 
12 23  3 62  6 44 10 32 18 69 14 86 11 24 15 42  0 31 17 35  1 24 13 34  4 12  9 35 19 51  5 73  2  5 16 12  7 52  8 13 
14 53  4 67  2 91 10 63 17 97  6 83  0 51  7 55 19 14  1 78 11 17  3 74 16  9 15 63  8 22 13 71 12 41  9 81 18 54  5 46 
17 28 18 16  9 12  4 30  5 97  2 86  8  9 13 65  6 51 15 30 12 15  3 41 14 91  1 46  0 18  7 21 16 89 11  2 10 77 19 78 
12 91 11 33  3 84  1 79  0  4 18  7  8 49 16 45 14  9 19 69 13 86 10 94  9 90  4 24 17 21  5 15  2 38  7 28  6 26 15 60 
17 94 11 47  2 96 14 70 19 51 10 93  3 64  6 24  8 45  9 36 13 62  0 91 15 18  1 38 16 47  5 98  7 51 12 12  4 26 18 51 
18 50 19 74  3 34 17 45  1 33  5 50  4 69 10 14  2 89  7 86 12 57 14 17  9 80 15 32  8 72 11 33 13 51 16 31  6 43  0 65 
11 14  0  4 13 22 14 27 19 58  3 12  7 92  4 27  6 24 10 13  2  8  5 55  8 66 12 81  9 12 17 13 15 57 16 77 18 25  1 99 
 7 99 17 84  3 72  9 79  4 72  8 47 19 47 15 92 14 49  2 49  0 43 11 33 13 30 16 16 10 35  5  2 12 47  6 59  1 44 18 98 
11  1 17 75  9  2  1 26 10 20 12 54  4 63  0 31 13 44  6 98 19 73  5 41  2 52  7 81  3 30 14 57 16 25  8 70 15 58 18 83 
15 21  0 15  2 60  9 30  3 50  7 31  6 17 12 34 17 15  4 98 19 77 14 57 18 58  5 40 11 21  1 25 16 41  8 78 10 44 13 26 
12 14 16 31 10 86 13 68  7 69 19 71  2 44  6 10  1 76 15 82 11 54  0 40  5 46  9 47  4 42 17 86  3 62 18 41  8 27 14 12 
19 18  5 46 10 22 15 66  8  5  7 12  6 27  1 82 14 24  9 60 16 10  0 93 11 54 12 10 17 60 18 14  3 16  2 48 13 18  4 82 
10 84 13 15  9 59 14 45 18 63  5 71 19 86 15  2  3 42  8 46  6 39  4  9  7  7  1 32 17 78 11 12 12 78  0 68  2 77 16 90 
 2 33 15  2 11 35 14 91  8 49 16 21 19 29  7 60  4 88  1 71  0 14 12  6  9 40 13 53 18  2  6 88  5 38 10  7 17 43  3 34 
 4 16  2 95  3  2 15 88  8 45 11 93 18 77 17 10 16 71 12 69  1 33 13 22 14 54 19 56  5 31  7 18  0 63 10 82  6 98  9 70 
12 15  0 42  4 44  8 80 19 15  6 24  5 76 10 71  9 38 15 27  7 48 18 38  3 73 14 42  2  8 13 52 11 20 17 40 16 51  1 99 
13 46 15  3 19 82  5 20  4  1  7 45 18 79 16 70  3 46 11 48 12 63  2 87  9 47  0 43 10  1  1 48 14 65  8 11 17 25  6  9 
14 12 13 17 16 55  8 75  6 56 10 89 11  6  0 46  9 22 15 44 17  2 18 14  7 36  1 96  3  6  4 37 19 62  5 94 12 77  2 14 
 6 37  3 28 12 16 13 80  2 10 15 90  0  5 10 17 19 28 18 40  9 76  1 30  7 52 17 77  4 15  5 50 11 99 16 99  8 64 14 63 
 2 88 14  4  9 26  6  9  4 81 16 47 11 82  8 52 12 65 13 63  1 37 18 59  0 78  7 51 17 75  3 24 15 77  5 28 19 97 10 98 
16 79  8  7  9 25 12 92 18  8 11 90 13 82  5  9  4 53 19 95  6 51  1 54 17 29 15 86  7  7  2 58  3 66  0 84 10 42 14 10 
15  5 16 52 11 70 18 59 14 10 10 88  5 56  0 55  7 73  3 65  6 66  8 17  9  5 12 22  1 40 17 42  2  1  4 51 19 95 13 28 
14 30 12 62  6 46  8 14  4 62 16 16  5 24 19 17 15 70 11 66 17 57  1 55  2 79  9 99 13 27 18 17  3 75  7  6  0 14 10 61 
10 71 11 22 14 68 12 74  4 39  9 68  5 28 18  7 17 67  3  7  1 92  7 45 16 67 13 35  6 70  0 52  2 65  8 99 19 21 15 51 
16  5  6 73  3 10 15 75  7 16  4 70 12 39  9 62  8 65 13 99  2 57 10  7  1 54 19 52 14 47  0 43 18  1  5 65 11 88 17 36 
 5 30 19 82  8 82  4 54  0 94  1 28 14 75 18  1 13 84  7 61 17 17 11 45  2 72  6 58  3 78 10 63 15 50  9 77 16  8 12 25 
 9 17  6 78 16 20  4 92 19 57  5 95 18 25 11 44 13  8 15 93  1 21  2 21  7 47  8 38  3 33 14 48 17 39 12 69  0 15 10 70 
 4  2  6  4  5 44  7 38  8 93  0 94 17 93  9 18 13 38 19 66 12 38 14 60 11 87 16 49  1 52  3 72 10 12  2  5 18 21 15  6 
17 63 14 21  2 21 12 53  7 79  9 10  8 13  5 45 16 63 18 39  0 38  3 50 13 80 15 45 19 84  4  2 11 29  6 31  1 27 10 96 
