200 20
14 57  0 18 15 44 16 17  6 66 19 34  4 83 13 76  1 66  8 20 17 94  5 67 10 76 12  1 11 84 18 31  9 78  3 16  7 15  2 91 
 2 56 13 91 19 62 11 32 16 61  4 49  6 27 17 94  5 92  8 27 10  7 12 99 15 26  1 80  0 90  3 61  7 40 18 74 14 18  9 38 
10 25  6 61  2  5 16 73  7  9  3 17 13 25  9 99 14 22 19 24  4 92  8 91 17 19 11 20  0 34  1 82 18 91  5 38 15 87 12 13 
12 30  9 50 18 13  4 77 19 10 14 92  3 85  6 84 13 98  5 25  1 59 16 69 17 68 10 48  2 79  0 90  7 41 15 60  8 58 11 73 
16 70  2 93  8 72  6 17 14  2 12 87  0 19 19 44  3 38 11 29  7 62 10 44 18 18 13 52  5 63 15 41 17 99  4 68  1 42  9  1 
19 64  8 65  1 34 13 73 17 32  3 17 10 31  2 80  9 63 12 13  7  3  5 34 15  2  4 60 14  6  6 93 16 39 11 31  0 58 18  6 
17 91  2 65 14 22 10  4  0 72 19 50  7 85  3  4 18  7  8 58 13 96 15 21  6 62 11 15  4 79  9 36  5 58 16 43 12 21  1 45 
 6  6 19  3 12 21 11  1 13 60 10 32  8 31  7 43  9 85  0 59  4 48  1 11  3 70 15 21 16 88 18 92  5 90  2  4 14 49 17 42 
14 89 16 99  6 84  0 69 19 35  5 22  9 42 18 13  2  5  3 33 17 15  8 22 10 16  1 12 12 22 15 26 11 52  7 11 13 39  4 39 
13  1  5 67 16 70  4 74  6 52 19 35 15 83  1  2  9 57 14 24  7 58 11 78  8 65 17 44  2 95 12  5  0 47 10 69  3 66 18 38 
10 65  5 71  1 34  2  6  6 88 18 96  9 80 11 87  8 56 12 15  3 62 17 75 13 61  7  3 14 56 15 67  4  6 19 37  0 34 16  4 
 7 23  5 43 17 28 10 78  3 77  8 55 14 27  4 80 13 42  6 51 16 54  0  9 12 85 18 93  2 77 11 31 19 76 15 43  1 29  9  8 
19 55  5 49  3 22  0 21  8 57  7 25  2  2  1 87  9 74 15 94 17  7 16 85 10 46  4 75 18 91 12 39 14 21  6 17 11 66 13 83 
19 42  4  8 16 25 17 42  7 39  5 12  2 11 15 73  9 25  8 63  1 65 18 57  6 77 10 49  0 18 14  1 12 84  3 58 11 67 13  8 
 3 30  0 26  8 35 14 40  5 34 16  1 19 88  4 92  2 53 11 58 12 32 17 70  9 11 15 24 13 64  7 50  1 68  6 99 18 38 10 11 
 5 38 17 93  2 50 10 69  6 78  9 62 15 70  0 45 11  7  3 87  4 77  7 87  8 86  1 66 19 35 16 42 13 82 18 55 14 28 12 23 
10 82  4 99 15 98 13 50  9 49 14 22  1  9  2 52  3 21 16 38  0 50 19 74 11 58  7 44  8  5 18 53 17 61  6 21  5 89 12 62 
 2 12  8 60  7 27 11 74  0 60 17  8  4 26 13  3 19 30 12  6  3 46 15 63 16 67  5 17 10 75 18 57  9 51  6 52 14 13  1 87 
19 68  9 23  3  6 16 20 10 74 17 30 12 14 13 46  2 49 15 67  6 34  4 47  8 83 18 45  5 43  0 75  7 41  1 81 11 80 14 55 
 2 43 14 17 15 26  8  5  4 22 10 51  0  9 12 61  1 16  5 93 17 76 19 34 13  5 11 30  7 81 16 36  6 13  9 23 18 76  3 31 
 4 25  9 57 17 51 11 51  5 22  8 91 16 32  1 22 19  7  2 99 18 61 15  7  7 67 12 87 14 95 13 79 10 19  6 37  3 92  0 23 
 0 57  3 23 13 99 11 45  5 47  6 59 14 53  1 68 18 68  2 55 19 19 16 76 15 30  8 87  4 55  7 77 12 12 10 40  9 30 17 76 
16 96  8 25  2 83  4 41 17 76 18 45  7 23 15 65 14 73 12 35  6  4  3 47 19 60 13 74 10 94  1 51  0 50 11 82  9 84  5 11 
 2 89 12 76 14 15 18 68 11 81  9 81 19 55  7 56  6 78 15 46  5 92  1 15  4  5 10 12 16 49  8 60 13 94 17 12  3 33  0 47 
10 56  9 14 16 80  0 11  1 50  7 51 19 83 13 65 14 87  2 50  3 78  6  6 12 18 15 40  4 43  8 87 17 74 18 76  5 73 11 51 
15 63  3 55  5 49  6 52 18 66  9 27 10 66  7  1 14 83 13 23 17 49  1 95  4 48 11 26 16 56 19 20  0  7 12  6  2 43  8 52 
15 29 19 90  8 83  4 33 11 91  6 45 17 71  3 49 12 90  7 72 16 79 10 56 13 65  1 11  2 74 18 36  5 76 14  1  0  2  9 74 
 6 89 11 18 13 73  5 45 18 37  3 44  0 25 16 86  7 66  2 19 17 76  1 31 15 44  8 12  4 54 19 73  9 42 14  1 10 91 12 31 
 1 73  0 19 16 97 12 50  7 74  4 30 18  4  9 69 15 44 17 98 10 19  6  2 19 90 11 34  3 46  8 76 14 81  5 76 13 40  2 50 
 2  4 19 60 11  5  0 19 18 49 16 26 13 18  5 96  7 37  4 55  8 83  1 72 14 76 15 38  6 95 10 98  3 65 17 74  9 80 12 97 
 0 16 16 64  1 20 18 58 10 99 19  4  3  9  8 59  9 29 11 26  2 23 14 10 15 15 17 21  5 19  7 98  6 77 13 80  4 76 12 25 
13 51 15 33  1 14  5 63 14 46 10  6  6 53 12 27  4 99  0 87  8 15  7 77 11 66  2  3 19 51 17  3  9  9 16 34  3 77 18 54 
 9 67 12 98 10 57  5 74 16 47  7 12  6 92 19 30  8 45  0 39 13 36  4 12  1 86 14 88 17 15  2 89 11 96 18 69  3 43 15 72 
17 84  7 67 16 30  8 69 18  6  9 87  5 58  1 37 19 87 13 12  4 90 14 38 10 47 15 99  0  8  2 30  3 48 11 30  6  7 12 98 
 4 92  3 74 18  8 12 86  9 36  6 78 11  6 14  2 10 42  1 14  7 72 17 94  8 83  5  4 16 50  0 90 19 80 15 27 13 45  2 71 
19 78 13 41  9 17  0 86 14 83  8 71 12 54 10 80  5 68  7 16 16 88 17 40 15 88  3 11 11  9  6 54  4  3 18 24  2 81  1 18 
19 72  7 64  9 68 17 46 13 29  5 92  2 74 15 68  3 12  1 68 14 87 16 80 18 81  0 44 10 76  8  9  6 26 11 31  4 37 12 82 
 7 44  0 53 17 86 13 67 12  4 14 14  1 47  8 19  6 50 18 68  2 65  3 22  9 97  5 11 10 34 15 75 19 11 11 14  4 78 16 80 
 9 63  7 48  8 63 19 43 12  9  3 82  1 13 14 48 18  3 11 69 16 47 13  3  4 56  5 32 17 41  0 10  2 48 15 16  6 98 10 59 
 6 42  8 91 18 11  7 37 16 97  1 40  5 35 14 96  3 95  9 26 19 80  4 61 11 69  2 16 17 59 12 65 15  3  0  5 10 85 13 48 
19  3  3 22  2 12  8 63  5 20  7 83 14 56 17 76  0 47  1  9 13 42 15 35 12 23  4 11  9 20 10 28 18 51 11 78 16 35  6 57 
 3 13 12 76  4 20  8 67 10  6  1 19 16 74  0  1  9 13 17 48 14 44 13 12 19 46 18 94 15 26 11 43  6 37  7 73  2 48  5 29 
13 25 12 49  0 51  5 36  8 50 18 15  7 66  1 17  3 43  4 53 16  3 11 47 10 12 15 74  9  8 19 65 17 29 14  8  2 18  6 36 
 4 33 16 14  3 95 19 48  7 68  1 24  0 87 11 43  5 10  6 40 10 32  8 43 17 66  9 42 13 29 12 20  2 28 18 39 15 77 14 41 
 4 73 15 66 16 67  8 67  9 72 17 63  5 81 11 84 18  7  0 52 14  9  6  9 10 35  2 11  3 37 13 55 12 96  7 84 19 97  1 32 
15 67  5 28 16 85 12 58  1 51 17 41  0 64 18 40 10 54 19 31  8 47 14 16 11 43 13 59  2 67  9 33  4 15  3 91  7  9  6 52 
 5 29  4 62 15 23  9 60  2 68  7 20 19 20 14 32  8 50 16  9 11 22 12 56  0 94 17 27  6 41 13 77  3 19 18 54  1 87 10 96 
 3 69 14 66  5 86 13 43 15 52  0 39  4 27  8 63 19  5 16 70  7  2  6 10 17  2 12 13  1 44 10 92 11 71  2 14  9  4 18 35 
 2 65 17 78  7 26  0 29 14 76  8 20  1 64 12 33 18 91 13 47 10 89  6 49 15 50  4 41  3 61  5 22  9 99 19 32 16 12 11 43 
18 78  7 84 14 81  2 62  1 42 19 11  6 65  8 83 11 75 13 12 10 46 15 46  3 61  0 98 12 49  4 35 17 39  5 27  9 23 16 56 
 2 49  5 37  8 37 19 95  7 91 15 68  4  8 16 18 13 54  6 23 12 94 18 62 17 66 14  3  0 21 10 62 11 72  3 28  9 91  1 83 
 5 21 14 73 18 45 13 22 15 89  0  4 12  4  7  1  8 71  6 44  1 35  3 99  2 49 10 19  9 25 19 77 11 14  4 90 16 19 17 85 
10 76 15  8  9 68 14 13 11 98  8 88  7 50  1 17  3 73 17 18 18 22  0 63  5 73  4 56 16 61 19 25  2 71 12 15 13 50  6 23 
13  1 14 99  9 64 11 51 19 77  6 12  4 26  7 27  5 31 12 23  0 90 18 65 17 16  8 91  2 47  1 35 16 39  3  9 10 64 15 91 
11  5 18 42 19  3 17 15 14 74  9 45  4 34 16 49  8 45  6 54  0 86  2 28  7  6 15 77 12 76 13 59  5 63  1 21 10 50  3 93 
18 26  5 94  4 33  0 20 14 27  1 83 12 55 19 93  3 41 16 62 11  6  7 33 17 47 13 84  8 25  2  5  9  8 10 14 15 26  6 96 
 5 90 17 99 14 19 10 74  8 15  6 82 18 55  9 91  0 53 13  8  1 19  2  9 19 60  4 10  7  5 11 37 16 95  3 19 12 63 15 57 
 9 40  7 19 13  3 16 44  3 30 19 84 14 49  6 22  5 15 11 93  1  8 18 90  4 48 12 87  8 34  0 42  2 78 10 76 15 82 17  7 
 1 47  0  4  5 35 19 15 10 32  2 64  7 75  9 63  8 97  4 51 18 65 14 41 17 46 11 64 12 21  6 50 16  3  3 40 15 35 13 65 
 3 89  6 23  1  9  7  7  9  8 14 77 10 94  0 82  5 32 13 93 19  4  4 73 12 94 17 66  8 82 16 28  2 38 18 44 11 26 15  5 
10 30  1 68  8 69 18 57  4 82  6 75 13 10 12 37  7 35  0 95  9 86 14 25  3 62 11 81 16 75 19 59  2 96  5 84 15 81 17 99 
17 91  4 61 16 44  7 11 10 21 14 14 19 62 12 16  8 36  1 51 15 56  3 77 13 79 11 53  0 37  6 48  2 28 18 61  9 52  5 72 
14 51 16 18 19  9 13  6 10 53  8 72  0 48 11 72  4 64  6 49  2 57  7 42  3 80 18 92 17  9 15  6  9 84 12 58  1 50  5 79 
 2 67  8 16 19  5  5 30 12 12  3 11 11 26 13 74  9 36 17 23  7 50  4 13  6 59  0 37 15 79 14 68 16 20 10 66  1 87 18 52 
14 52  1  4 12  6  2 27  0 35  5 46  9 82  7  2 17 59 16 71 10 84  4 15  8 40 13 77 11 78 18  2 15 62  6 72 19 79  3 71 
 1 76 15 25 18 40  8 15 16 83 10 39 14 66  7 79 12 78 13 30  2 18  5 29  9 56 19 27  0 44 11 78  6  1  4 69  3 34 17 18 
 1 51 19 89  5 99  4 54 15 99  6 76 14 11  8 92 12  4  3 25 18 66 13 41 11 92  0 36  2 55 16 32 10 47  7  1 17 45  9 91 
 4 81 15 87 17 28  6 15 16 43  5  4 10 67  7 12 18 95 12  4 19 66  9 59 14 34 13  9  0 25  3  2  8  6  2 87 11 85  1 35 
 2  6 14 11  5 50 11 84 12 62  7 94 16  2  9 97 13 52 18  4 19 92  3 44  8 51  6 23  4 80 10 35 17 16 15 46  1  5  0 67 
 6 62 14 97  8 52  5 99 11 83 18 53  2 57  4  8  1 69 15 37 13 72  9 95  3 61 16 76 19 72 12 54  7 15  0 91 17 50 10 36 
18 43  5 33  0 24 15 84  3 29  4 32  1 30 17 42  9 79  7 58 14 46 16  7  8 89  6 71 11 91  2  9 12 70 19 40 13 33 10 22 
 0 31  1 23  3 36 18 37 13 80  8  6 17 57  4 86  2 52  5  1 16 95  6 68  7 87 19 18  9 56 15 28 12 66 10 88 11 45 14 20 
19 68  1 14  3 43 15 90  8 44 13 21 14 28 18 97 11 98  2 48 12 95 17 84 16 70  9 38  4 92 10 56  5 55  6 53  0 15  7 21 
 5 91  1 56  9 97  0 46 16 18 10 64  7 94 11 99 18 81  4 62 15 56  3 53 14 98 12 32  8 51 19 24  2 26  6 81 17 24 13 26 
 6 99  1 46 19 22  3 25  9 12 17 28 10 29  2 87 12 36  0 38 15 42  8 35 11 30 18 57  7 85 14 97 13  2 16 49  5 83  4 28 
 0 13  5 93  4 59  2  3  3 51 15 74 10 84 19 83 11 74 17 89 13 70 14 45 16 59  6 54  8  1 18 60  9 78  7 59 12 46  1 91 
 1 47 12 35  7 25 17 54 10 50 16 31  4 72  8 84  6 69 13 90 14 55 18 64  5 89 15 10  0 51 11 81  3 58  2 47  9 36 19 13 
 8 82 13 84  3 25 10 16  6 91 18 78 19 78  5 48  4 72 14 47 15 60  1 36 11 27  0 42  7 34 17 35  2 85  9 33 16 70 12 57 
12  4 13 97 15 59  8 96 10 31  4 72  1 46  3 47  0 56  9 64  7 51  2 77 16 73 19 67 11 81 14  2  5 78  6 22 18 48 17  9 
 9 90 16 21  8 81  1 42 12 63  5 98 15 84 18 29  7 54  4 91  3 75 14 90  2  1 13 89 10  6  0 42 11  2 17 12 19 33  6 66 
 4 80  9 88 16 57 12 30 19 94  5 95 15 58  3 89  0 47  1 17 17 24 10 98 18 62  6 91  2 49 11 65  7 34  8 91 13 94 14 13 
10 41  8 94 14  9  9 95  2 77  3 87  4 90  0 86 18 21  1 13 16 60 17 36  6 22  7 71 15 18 12 15  5 32 19 14 13 11 11 54 
 2 47 14 18  1 93  0 57  5 74 19  2 15 58  4 69  7 10 12 41  3 80 13  3 10 72  6 60  9 34  8 60 17 34 16 32 11 33 18 89 
 9 88  4 31 19 27 12 88 18 48  6 27 14  5  3 49  8  8 11 67 13 23  5 48 16 24  7 89 15 73 17 76 10 87  0 55  1 17  2 63 
12 10  0 83 10 87 19 46 14 31 17 79 18 28  3 15  5 31 16 83  6 42  7 40  8 43  9 60  2  5  1 62  4 48 13 28 15 13 11 74 
 9 73  6 77  0 94 12 16  3 89  4 48 19 93 17 25  5 76 10  4 14 70  7 66  1 31 13 63  2 70 18 91  8 39 11 67 15  3 16  5 
18 62  5 93 13 38  0 65 10 81  8 45 16 56  7 69 12 77 14  4 17  8 15 66 11 16  3  6  6 76  2 79  1 24 19 96  4 80  9 38 
17 95  4 26 18 84  1 96  7 91 16 63 13 48  6 39 19 28  5 48 14 83 15 74 10 84 11  2 12 76  0 45  3 98  9 70  8 88  2 68 
 3 10 17 96  5 66  9 79 19 94 18  8  0 19 15  9  8  8 13 74 11  1  1 30 12 93  4 91  2 11 10 57 16 76  6 75 14 87  7 40 
 7 17 13 98 10 75 17 57 14  1  0 61  2 72 16 82 18 60 19 87  3 94  5 49 11 64  4 83  9 42 12 63 15 29  6 67  8 99  1 76 
 1  6  5 92  0  9 13 60  4 24  6 20  3 78 12 46  7 16 14 52 16 78  8 30 11  3 15 63 17 13  9 68  2 73 10 55 18 94 19 65 
13 21 12 93  3 18 14 34  5 82 19 51 16 49 10 70  2 51  0 58 15 57  8 80  6 45 17 69  7 50  1 94  4 10 11  2 18 71  9 40 
16 17 18 78 11 56  4 76  8 36 17 26  3 87 14 74  7 35  1 39 13 32 10 82  0 84 12 95  2 41  6 43  9 50 15 41 19 46  5 53 
12 67  8 62  4 71  6 12  0 23 15 81 19 65  5 40  9 59  1 66  3 78 10 21  2 48 16 69 18  4 13 95  7 68 17 36 11 19 14 51 
17 97 14 84  6 87  8 95 11 26 13 14 19 72 12 24  7 86  4  6 16 45  2 29 15 19 18 92  3 80  1 11  0 52  9 77 10 89  5 75 
14 20 18 85 13 48  7 70  4 31 15 14  3 81 11 21 19 57  5 98 10  9  2 23  1 16  0 46 16 44  6 16  8 41 17 17 12 80  9 13 
 7 68 16 30  5 86 13 54 18 80 19 78 11 16  1 89  4 71  8 97  3 80  9 69 15 38  2 77  0  3 10 30 12 61 14 82  6 88 17 85 
17 97  2 46  8 49  4 77 19 27  0 96 14 82  9 63 18 21 13 83  5 51  6 77 12 80  7 88  3  7 16 97 11 73  1 58 15 36 10  2 
10 44  8 91 19  2  2 94 11 81  5 51 15 88  9 43  4 20  0 79 12 47  1 62 17 66 18 41  3 24  7 60 13 12  6  3 14 77 16 81 
13 43 15 65  4 68 12 61  1 69 17 26 18 47  3 87  2 53  6 81  7 59 16 81 11 80  5 63 14 31  0 21  8 46  9  3 10 82 19 64 
17 17 16 25  7 65  0 31  2 80  5 64 13 30 15 36  9 99 10 16  3 32  1  3 19 28 12 79 14  1  6 50  4 94 11 31 18 87  8 94 
12 71  3 86 19 16 13 79  2 92  7 79 16 63 17 10  6 47 14 64  9 56  5  4  1 87  0 16 18 43  4 70 10 15  8 27 15 99 11 37 
17 81  0 32 18 76 10 80  2 19  1  6  6 37  4 59 14  8  8  3 12 41 15 79 13  8  3 83 16 68  5 53 11 29  7 61 19 24  9 53 
 8 78 14 99  7 97  0 20 13  3 12  1  2 97 10 92  3 43  9 11  1 25 17 31 11 98 16 73  4 38 19 71 15 69  6 71  5 73 18  2 
13 91  0 90  7 97 16 24  6  8 12 72  2 54  4 67  5 63 11 39 18 76 14 12 10  1  1  7 19 46  8 14  3 54  9 66 17 55 15 42 
11 67  1 13 18 74  6 38 17 10 16 67  0  6 19 50  7 72 10 93  3 25  2 72  5 66 13 71  4 18  9 77 14 27 12 20  8 97 15 17 
19 84  2 19  4  7 11 40 18 73 14 89 16 85 10 78  5 29  3 89 13  9  0 88  7 43  6 52 12 36 15 44 17 77  1 44  9 82  8 90 
 4 27 17 88 19 59 11 79 13 98 16 66  0  9 10  1 18 35  7 69  5 29  9 67  6 60 12 43 15 21 14 19  8 76  2 55  1 77  3 15 
12 44  3 43 11 67  7 41  9 90 17 71 19 38 15 39  4 77 18 18  0 12 14 17  1 10  8 77  2 49  5 25 13 85 10 30  6 14 16 92 
11 57  0 41 15 51 14 41  8 17 17 91 12 82 16 68  9 76 18 13  1 93  7 12  2 90 19 58  6 52 10 83 13 68  4  3  5 11  3 40 
 6 63  8 59 12 18 15 99 16 78  4  5 19 15  2 71 18 59 11 21  0 58 10 29 14 59  3 98  9  2  7 18 17 87  5 55 13 83  1 85 
 9 54  1 57  3 51 14 25 13 57  7 46  8 93 17 58 19 20 12  4  4 19 18 91  5 25  2 88 11 94  6 52 10 23 16  4  0 27 15 66 
18 73  1 84  9 85  3 50  4 61  0 40 14 93  2 17 15 86  8 19 16 49 10 98 13 74 17  6  5 27  7 91 11 58 19 59 12 22  6 15 
 9 11 12 56 10 39 14 20 13 79 17 55 18 18  4 40 11 74  3 91  6 95  1 65 15 13  7 26 19 40  0 89 16 25  5 33  2  3  8 21 
 3 51  8 37  9 49 10 20  5 52  2 57 19 17  0 42 16 50  6 74 17 33 11 38 15 16  4 21  1 35  7 85 18  7 12 66 13 68 14 66 
 7 47 16 27 10 86  8 19 13  9  3 23  0 64  5 32 11 24 17 14  9 47 15 81  4 45  1 84  6 10 12 25  2 74 19 81 18 98 14 79 
 0 94 18 46  9 63  6 64  7 72  3 70  2 86 11 10 16 11  4 99 14 93 17 90 19  4  5 75 10 87  8 35 13 46 15 27 12 94  1 83 
16 53  9 33 15 56  5 19  0 50  7 82  8 20 18 49 13 73  2 21 17 28 19 40 10 49  4 83 14 82 12 16  6 97 11 86  1 46  3 45 
 8 26 10 29 14 35  7 31  0 71 19 78  3 38  9 11 15 26  5 12 12 69 13 64 18  1 16 96 17 36  2 93  6 52 11 30  4 22  1 25 
12 12  9 98  5 14  1 38 10 94 18 77  2 52  7 95  8 20 11 77 14 42  4 28 15 69 17 88  3 29 13 18 16 95 19 73  0 16  6 34 
 7 22 15  5  8 31 17 25  6  8 14 38 19 17 18 17  5 13  9 59 12 36  2 88  0 57  4 19  1 57  3 65 13 88 11 23 10 52 16 40 
 4 19 10 34  2 49 13 46 11  2 18 45  6 82 19  7 16  7  8 50 15 81 14  1 12 99 17 91  9 54  5  4  1 87  3 29  7 63  0 45 
13 36  9 38 16 93 17 27  4 28 10 81  5  2 19 66  3 28 14 46  0 96  6 55  8 99 12 90  7  5  2 37 11 18 18 55  1 78 15 53 
 3 89 16 93 13 40  1 76  6 29  7 61 12 13  9 95 17 28 11  3 18 89 14 28 19 13  4 63  8 32  2 50  0 24 15 63  5 76 10 47 
 2 44  3 48 13 32 10 61 15 85 14 34 12 21  1 52 17 66  4 47  7 30 11 49  0 88 18 95  6 94 16 59  9 77  8  5 19 79  5 27 
12 19 19 64 18 27  1 30 14 27 16 57  0 96 10 36  4  8  5 77  3 59  9 36 13 13  8 96  7 88 11 47  2 80  6 32 17 43 15 93 
 9 73 11 75 14 37 16 70 13 90  0 34 12 87 10  6  4 59  2 79 15 11  5 50 17 46 19 12  6 38  1 55  7 15  3 18 18 80  8 98 
17 70  6 90 16 89  7  4 19 77 12 31  0 43 18 87 13 52  2 63  1 75 11 21  8 30 14 68  5 81  3 89  9 68 15 44 10 63  4 51 
12 70 11  9  6 52  5 55  7 92 19 60  2 39 17 13  3 68 15 72  9 80 13 45 14 28  8 69 10 48 16 29  1 42  0 55 18 44  4 88 
 7 91 12 28 10 68 13 49  5 94 11 86  8 43  0 43  3 75  1 98 19 88  9 67  6 63  2 34 14 61 15 85 18 32  4 96 16 45 17 51 
 3 90 12 97  9 53 10  9  2 63  0 92  1 18  6 68 17 55 15 10  4 78 11 34 13 57 16 13 18 64  8 59 19 56  7 76 14 41  5 56 
16  9 18 44 10 59 17 61 19  6  8 66 15 56  7 41 11 97  6 41 14  1  4 21  2 43 12 76  1 20  9 73  5 88 13 98  0 56  3 26 
14 90 18 60  1 40 17 78  8 52 12 10 13 50 15 61  5 95  3 28  9 38  7 24  6 51 10 96  2 90 19 18  0 77 16 11  4 43 11 93 
 0 47  8 30  2 13 12 63 15 93 16 42  7 32  1 12  4 66  9 94  5 89 11 25 13 16  6 96 18 87 14 39 19 58 17  8 10  2  3 17 
12 50 11 62  5 91  8 25  2 19 16 73  9 98  4 63 15 95 10 57  7 67  1  7 13 76  6 79 14 90 18 75  0 42 19 66 17 90  3 41 
12 18 19 99 10 89 11 43 17 49  4  8  5 44 18 33 14 91  0 39 16 36  9 72  1 27  7 70 15 66  6 82  8 94  3 46 13 18  2 98 
13 45  3 13 11 26 16 14  4 29  8 90 17 60  0 84  6 83  2 41  7  7 10 24  5 73  9 58 15 91  1 47 12 82 14 81 19 67 18 15 
10 52 13 79 19 18  8  3  0 29  9 88  7 97 15 55 18 55 17 15  4 87  1 17 12 43  3 58 11 69 14 66  5 31  6 43 16  8  2  2 
19 87  8 51 10 65  3  5  7 34 15 58 14  9  5 10  0 30 11 87  2 62  9 89 17 78  1 37 12 94 16 40  6 50 18 83  4 74 13 83 
 2 35 15 34  4 44  0 65 13 37 10  5 19 51 18 26 12 65  9 16  7 90  5 40 14 76  1 54  8 72 17 27 11 37 16 75  6 77  3 89 
14 15  8  1 17 43 15  7 11 64  1 50  5 26 10 29  6 13  9 76 19  9  7  5  2 85  4 19 18 23 13 95 16 76  3 69  0 48 12 26 
 4 84  3 42  5 99  6 25  9 75 18 93 19 76  2 56 11 23 15 87 17  8  0  2  8 60 16 79 12 30  1 16 13 61 14 16 10  1  7 31 
12 90  8 41 17 20 19 50 10 38 13 76  5 68 14 66  7 84  6 77  1 30  2 55 18 50  3 40 15 99 11  5  9 27  0 10  4 32 16 24 
18 33  4 79  0 55  8 69 13 53  6 50  3 81  2 28  9 91 17 55  1 50 11 29 15 27 12  9 16 61 10 27  5 36  7 43 19  5 14 56 
10 72 13 36  7 27  0 16 15 50  6 82 11  8  8 79 14 80  2 22  5 63  3 61  9 25 16 61  1 71  4 93 19 44 18 65 17 72 12 88 
12  7  5 18 14 59 18 44  8 64  0 94  7 55  2 20 10 11 16 77  9  3  6 26  1  8 17 21 11 73  4 80 15 89 19 53  3 19 13 95 
 5 35  2  7 11 98 18 66 12 16 15 89  0  6  3 24 17 18 19 39 13 52  9 49  7 52  6 26 16 11 10 73 14 91  1 69  4 99  8 79 
 3 65  1 24 10 87  9 85  2 66 15 99 13  5 12 29  5 98  0 17  7  4 19 48 11 45 17 26  4 80  8  5 18 56 14 53  6 76 16 41 
 8 39  3 34 18 47  9 60 15 21  0 11 13 46 10 14 11 59 19 51 14  7 16 58  7 49  2 57  1 71 12 57  4 47  6  1 17 85  5 72 
17 93  2 88 10 24  9 32 14 18 16 44  6 48  1 18 15 80  8 67 13 10  7  9  5 16 11 35  0 16  4 10 12 29 18 71 19 89  3 87 
10 36  9 29 12 35  5 78  7 17  4  7 19 38  0 50 14  6 11 15  2 14  6 30  1 36  3 18 15 59 16 63 13 92 18 26  8 46 17 23 
 5 90  9 11 14 87  3 34 12 20 17  1  4 57 11 30  2 19 19 25  6 22 15 32 10 86  0 31 18  4  7 54  1 32  8 17 16 24 13 67 
 2 91 13 61 15 53  4  1 10 67  5 53  9 86  0  8 17 12 11 51  7 90 18 73  3 44 16 12  8 92 14 58 19 57  6 63 12 82  1 68 
18 77  6 48  5 72 19 89  7 36 16 23 13 39  4 45 15 39 14 85 10 54  8 69 12 44 17 92  0 86 11 42  2 83  9 85  3 23  1 58 
 7 15  1  5  2 67 17  9 16  7 10 81  9  4  6 86  5 74 15 49 12 26  8  9 14 27  3 33  0 51 19 95 13 32 11 24  4 31 18 58 
14 30  8 90 10 27 15 17 17 85  4 27  9 92  7 11  1 15  3 61 19 18  0 34 13 96  2 56 16 34  5 44 11 32  6  1 12 16 18 55 
18 21  4 95  5 81  2  1 11 65 17 69 19 24 14 47 16 92 15 25  1 22  7 60 13 62  9 97  3 78 10 63  8 18  0 35 12 80  6 55 
13 96 14 27  0 66  8 52 19 16 15 20 16 24  6 59 17 75  4 64 18 26 10 88  9 57  5 68  2 60 11 12 12 54  3 99  1 51  7 71 
11 79 15  6 19 41  8  8  6 93 12 46  3 69 18 81 13 61  4 44 10  2 14 69  5 72  9 21  7 55 17 69  2 13 16 69  1 80  0 91 
 1 82 10 99  4 92 13 53 14  5  9 33  7 59 19 32  3 93 17 13  0 64  8 19 18 96 11 12  2 66  5  4 15 83  6 65 16  3 12 79 
18 16  2 62  4  1  3 41  5 84 19 61 16 31 10 63  6 10 17 10  8 14 13 75 12 14  0 63  1 53  9 61 15 41 14  7 11 57  7 15 
18  5  7 83 10 25 11 37  6 81 16 42  5 20  9 22 13 50  4 40  1 77 19 76  3 58 14 88 15 77 17 69  0 63  8 56  2 49 12 41 
 9 43  1 16 10  1  0 56 11 38  8 41 19 78  7 81 15  5  6 46 12 10 13  6 16 31  4 44 17 22 18 78  2 93 14 42  3 21  5 43 
 5 27  9 26 10 32  7 20  0 20  4  5 15 43 13 63 16 23  2 29 19 45  3 79 12 68 11 73 18  1 14 10  1 61  8 56 17 95  6 36 
10 88  3 21 15 86 17 92  2 89  6 30 14 44 19 25 12 99  8 91 16 21 13 45  0 82 11 41  4 76  1 33  5 77  9 49 18 63  7 37 
 1 33  0 54  7 79 19 56 16 54 17 75  5 79  8 99 18 38 15 13 12  2  3 53 11 89  4 82 10 53 13 33  6 43 14 73  2 25  9 14 
16  7  2 43  8 70  5 22 14 54  9 81  1 44  4 94 12 95 10 29 15 14 13 50 17 98  7 18  3 50 19 96  0 74  6 66 18 38 11 49 
18 79 12 40  1 71  3 39 14 13  2 19 11  1 10 82  0 58 13 26 15 44  8 18  7 94  5  8  9 68 19 90 16 39  6 47  4 43 17 80 
12 82 10  1 19 76  2 22  9 17 16 15  6 64 17 71  7 22 15 79  3 89  4 80  5  7  1 78 14 87 11 88 18 22  0 59 13 75  8 24 
12 56  9 93  8 63  6 23  7 31  0 90  1 46 11 83 10 21 18  4  3 53 14 99 13 65 17 99 16 58  5  5 15 33  2 17 19 26  4  7 
13 35  9 44  8 10 11  5 10 40 15 66  0 13 18 20  1 25  5 95  7 88  4 32 17 45  2 11 12 20 16 61 14 36  6 45 19  5  3 56 
 2 41 12  6  6 77  4 69 19 83  7 17 10 22  1 32 16 58 17 63 18 59  3 31 15 94 11 90 13 20  8 83  9 14  0 67 14 62  5 62 
17 36 11 81  3 70 15 20  5 60 13 22 16  8  9 31 14 53 10 67  6 66  2 75  0 22 19 30 12 47  8 69  4 68 18 77  7 10  1  4 
19 21  6 97  3 71  5 13 16 85 14 95 10 27  4 10  1 24 11 43  7 81  9 88 12 72 17  5 15 51 18 75  8 44 13 49  0 43  2 26 
14 69  6 93  4 66  0 12  2 81 12 94 10 61  8 56 15 56  7 62  3 25 16  2 19  5  1 87 17 75  9 14 13 14  5 45 11 30 18  8 
 2 80  1 21  6 94  7 86 18 54 16 70 15 83 14 39  4 54 11 76  8 50  9 18 19 15  0  4 10 34 13 12  3  9  5 47 17 31 12 65 
 3 77 11 87 15 97 19 90  7 25  2 77 17 88 18 76  8 69  4 15 14 49  1 27  6 75 10 90 13 32  9 26 16 67  0 82 12 59  5 72 
 9 85 19 40  8 48 10 64 17  8  6 79  4 96 15 70 13 25  1 30 14 75 16 86 11 72 18 49  5 74  0 55  7 87 12 34  3 98  2 46 
 7 87  2 75  1 55  3 34 11 62 15 31  0 53  9 13 14 63 10 14 13 20 16 12 17 14  6 48 19  4 12 64  5 17 18  5  4 85  8 41 
17 55 13 74  9 15  2 39  3 64  8 71  5 18 10 60 15 28 16 82  6 93  4 68  1 75  7 56 19  9 11  9  0 20 18 61 14 78 12  5 
 2 23 13 66 14 25 10  2 15 13 18 72  1 51 11 81 16 47 19  6  8 42 12 44  7 88  0 36  3 93  5 21  6  6  9 62 17 18  4 38 
 0 84 17  1  5 70  9 63  2 70  8 22  4 98 15  4  7 85 14 29  3 81 12 26  6 49  1 62 10 49 13 66 16 41 11 31 18 51 19 23 
 8  9 11 20  0 60 15 22 13 29 14 89  4 36  7 51 19 97 12 39  1 58  3 50  9 48 10 94 17 35  2 95 18 37 16 79  5 71  6 12 
 7 78  8 95 18 42 12 60  6 62 14 99 13 31 16 94  3 78 10 27 15 23  5 60  9 10  1 80  2 83 11 54 19 96 17 15  4 50  0 64 
16 32 15 59 18 93 11 95  2 61 14 19  8 46  4 75  1 69  9 76 19 96  3 50 10 10  7 69  6 10 13 98 17 60  0  1  5 81 12 79 
16 23 11 64 19 70 18 35 12  6  0  8  7 97  4  7  6 56 13 92 10 11 15 50  8 39  1 72  2 25  5 85  3  4 14 59  9  2 17 27 
 7 46 15 90  5 89  2 66  6 87 13 35 18 83  0 90  3 93 12 54  8 10  9 22 10 18 17 97  1 19 14 94  4 60 16 90 11 83 19 41 
 2 54 17 53  9  4  8 54  5 73  4 18 12 26  1 58 18 44 11  1  0 49 15 95 16 91 14 38 10 93  3 29  7 70 19 14 13  6  6 51 
16 57 19  4  0 21  2  5 14 64  5 71  9 67 12 24 18 39 13 73  3 98 10 12 17 34 15 20  7 31  6 12 11 40  8 75  1 22  4 65 
14 63 17 83 16 29 18 84  0 25  6 12 13 81  9 89  3 44  4 23 19 66 10 31  1 29 15 64  2 67  8 56 11 34 12 97  7 27  5 71 
 6 99 15 28 17 73 11 10  1 85 16 56  5 56  9 10 13 30 10 82  4  2  2 45  8 16 12 36  7 89 14 27  3 34 19 85  0 16 18 75 
 8 53 19 33 15 16 18 81 16 54 14 15  7 67 17 46  3 98  5 72 13 65  2 42  1 13  9 40  0 56  6 43 10 57 11 56  4 77 12 94 
19 38  8 83 13 55  0 80 18 47 16 28 15 82  5 82 11 46  6 89  9 22 12 69  4 44  2 84  7 70  3 32 10 21 17 55  1 52 14 13 
19 40 13 55 17 54  0 73 16 94 14 80  9 61 12 74 18 92 10 23  5 18  4 41  2 46 15 94  8 73  7 31 11 33  1 35  3 32  6 15 
17 71  4 20 15 38  3 72 16 45 18 75  8 28  9 30 10 52 11 57 14 26  1 77  6 72 13 43  0 62  5  7 19 41 12 21  2 58  7 21 
 5 18  9 56 15 73 19 17 16 31  1 49  3 47  0 66 12 17  6 75 11 25 17 38 13 43 10 95 18  4  7 71  2 26  8  5 14 26  4 28 
 6 33  3 62 16 48 12 21 15 79  4 48 11 93  8 29  5 99 10 98 18 93  2 36 14 49  9 42 17 22 19 63  7 43  1 27  0 10 13  3 
13 85 18  4 15 41  2  8 12 78 19 88 14 82 10 53  6 25  0 80  1 32  9 28 17 75 11 31  7 19  5 11  3  4  8 92  4 31 16  1 
11 96  0 24  4 47 10 35  7 36 17 83 16 99 14 22  2 91  3  1  5 43 15 33 12 97 18 50  8 41  9 78  6 92 13 92 19 40  1 45 
 9 97 19 62  1 35 15 42 18 51 12 14  2 64 13 10 11 95 16  7  7 38 14 11 10 35 17 25  4 77  6 82  0 79  8 81  3 17  5 33 
