400 20
 1 91  0 20 11 60  9 13 19 54  8 38  6 69 14 66 17 78 13 32 15 47  7 81 10 96  2 69  5 74 18 91  4 73 12 67 16 89  3 81 
15 64  1 49 14 88  9 17 17 30 11 77 12 97  3  5 10 87  7 99 13 22 19 42  8 50 16 27  6 19  0 55  2 77 18 78  4 20  5 56 
14 62  9 62  2  5  0 72  3 96  6 25 18 57  8  4 16 36 19  2  7 51 12 13  5 80  4 82 10 49 15 96  1 27 13 25 11 83 17 42 
 4 84  9 31 11  2  8 31  1 15 18 63 13 19 16 38  7 75 12 35 15 52 10 37 17 91 14 34  2  7  5 63  3  7 19 11  6 45  0 68 
17 15  9 75 18 88 14 47  2 61  0 91 10  7  7 28 16  8 11 96  6  4  4 91 19 22  8 60 12 55 13 22 15 36  1 37  3 43  5 13 
 8  2 11 41  4 28  7 90  9 14 16 71 18 71 15 63 17 90 19 44  5 87  6 72  3 31  2 57 13 42 12  1 10  6  0 74 14 27  1 86 
11 65  1 56 16 77  3 30 10 24  0 59  5 13  6 47 17 56 18 51 15 55  7 11 19 74 13 85  4 46 12 14  2 57 14  8  9 36  8 17 
13 40 14 27 17 70  2 49  5 97 16  8  3 20  6 11  9 78 15 47 18 69  7 58  4 35 11 20 10 52  8  5  0 56  1 68 19 44 12 74 
11 13  9 47  7 69 16 24 10 89 18 97 13 51 12 41 17 29  6 69  0 60  4 50 15 83  5 64  2 86  1 96 19 58  8 57  3 60 14 47 
 0 23 10 40  7 84 13 77 19 60  9 53  2 48 11 58 15 14 14 16  8 20 12 79 17 88  5 25 18 29  3 68  4  3  1 85 16 49  6  6 
17 14  2 41 15 11  8 36 12 62  9 82 18 55 16 78 13 39  7 99  6 93 19 73  5 93  1 91  3 36 10 11  4 78  0 70 11 70 14 62 
 8 84  2 14  1 38 18 36  4 68 11 16 10 92 17 41 14  4  9 47 19 50 13 88  6 92  5 29  0 23 16 19 12 10  3  9 15 24  7 74 
 2 93 12  8 16 35  5 11  9 82 14  2 18 41 10 34  1 22  7 98 17 72  4 67 13 98  8 19  6 16  0  7  3 82 15 67 19 24 11 53 
10 84  8  6 19 73  2 99  1 69 17 77 12 25 18 39 13 27 14  8 15 67  4 38  3 62 11  8  9 35  6 44  5 45  0 56 16 46  7 35 
18 26 15 83 19 13  9 37  7 71  1 24 12 20  3 45  2 33 11 48 17 75 16 15 10 29  0 15  5 44  4 55 13  1  6 21  8 67 14 27 
 4 98  8 22  3 97  7  9 18 55 16 90 11 51 13 30 10 48  5 47 15 48 17 78 19 20  9 14  2 21  1 97  0 69 14 25  6 55 12 52 
 7 44  1 51 17  7  0 59  3 48 14 86 15 30 18 99  8 51 13 47 19  1  2 16  6 75 16 29  9 64 12 65 11 94  4 83  5 61 10 36 
 8 23 15 24  7 60 19 59 18 77 17 43 16 20  6 99 11 28 10 65  3 85 12 22  9 94  0 62  5 24 14 56  1 75  4 11  2 48 13 26 
19 88  7 62 17 75  6 83  1 71  4 32  0  6  8 89  3 44 11 30  9 10 12 35 10 78  2 40 15 48 14 82 16 77  5 73 13 19 18 86 
11 92  8 76 16 53 19 85  2 46 10 42  0 34  9 85 14 53 17 20  1 24  3 15 18 26 13 11 12 28  5 96  6 49  4  7  7 33 15 82 
 5 31 11 10 18 19  2 83 10 10 15 77 16 95  8 57 12 49  1 67  0 34 14 21 19 27  4 43  7 56  6 93 13 47 17 80  3 28  9 78 
 1 55 12 46 13 33 14 46  9 50  8 24  7 66  5 30 17 88  0 26 15 79 10 32 18 67  6 24 11 20  4 67 16  4  3  8  2  4 19 31 
13 15  2 30 14 96 17 50  6 73 10 42 11 56  0 67  4 16  7 37  5 28 18 14 16 12 19 17  1 12 15 89  8 90  9 92  3 92 12 42 
14 98 15  2  1 61 11  9  7 48 13 69 17 65 12  8  9 82  3 64 10 61  6  5 16 21 18 97  5 63  8 85  0 18  2 39 19 91  4 64 
15 70 12 51  3 89 13 76 18 77  5  6 14 22 19 29 17  5  1 36  7 54 16 31  9  6  2 87 11 84  0  3 10  5  4 88  8 35  6 89 
 3 56  9 80 19 14 17 28 15 14  2  6 10  6 16 79 12 84 11 23  7 76 14 38 18 28  8 98  1 98 13 38  5 57  4 27  6 62  0 94 
12 92 18 26  8 24 10 18  9 30 13 11 19 62 16 38  4 52  1  3  3 86 15 17 11  2  5 50 14 87  6 10  0 37  7 42  2 30 17  5 
 0 48 10 89 11 99  5 49 16 54 15 57  7 32  3 86 18 75  4 64 13 99  1 60  6 71  2 52 12 74  9 18 17 13  8 59 19 26 14 59 
 9 26  7 38  0 98  3 29  4 29 15 53 13 50 17  7  2 81  6 78 10 85 19 26 11 27  5 52 12  7  1 94 14 86  8 54 18 51 16 17 
 8 95  3 25  4 71  7 16 11 64  6 23 18 77 14 29 16 90 19 55  2 83  1 18 12 42 15 78 10 33 13 12  5 28 17 97  0 61  9  7 
11  1 14 54  1 42 15 78  2 15 10 71  4 69 16 10  3 67  9 27  5 82 12 59 18 93  7 87 17 55  8 61 19 70  0 58  6 86 13  7 
13 42  8 71 18 94 19 73  6 58  9 22  5 42  1 13 16 56 11 74  0 12  2 26  4 70 14 91 15 68 12  1 10  2  3 12  7 91 17 53 
 0 67 14  2  6 68 19 89  1  4  3 83 16 63 18 58 10 46  2 62  9 99  8 90 11 91 15  9  7 83  4 15  5 83 13 47 17 95 12 42 
 2 87  3 27 17  7 14 33  5 92 18 52  1 82  0 29  8 88 16 21  7 45 12 61 19 34 11 53  9 26 15 23  4 69 10 73  6 87 13 53 
18 46  9 51 16 57  3 88  2 71 11 10  4  9  5 45  0 90 12 16 10 55 15 91  6 65  8 36 14 19  7 70 17 92 19 16  1 76 13  1 
18 43  5 46  7 63 10 62 12 72 19 12 16 98 17 53 11 57  3 67  8 45  4 90  0 83 14 36 15 54  9 85  6 29  2  6 13 36  1 32 
17 28  7 65 12  7  4 50 15  1  6 61 18 56  5 21  2 39 16 57 11 43 19 34  8 57 10 39  3 22  1 80 13 88  9 66  0 90 14 20 
10 10  6  2 18 11  4 82  9 56 16 78 14 75  2 40  7 34 13 42 11 51 19 17  1 62  8 32  5 88  3 70 12 50 17 78  0 39 15 98 
 3  8  1 26 18 11  5 29 17 99  4  9  2 58 10 60  7 52 14 36 19 14  0 47 13 70 12 10 16  1  9 66 15 51 11 96  6 41  8 73 
14 75  4 89  1 92 12 16 10 52  3 98 19 21  7 50  9 61  8 22 11 78 18 51  5 70  2 41 13 39  6 19  0 91 17 62 15 46 16 39 
11 52  3 91  1 24  0  2  7 43 12 37 16 11 19 55 14 51  4 27 15 28  5 91 10 45  2 78 17 29  9 66 13 87  8 86 18 16  6 20 
 8  2 10 27 17 80 13 11  4 19 19 60  6 58  2 16  3 34  5 68  1 89 14 83 11  5  7 43 18 70 15 10 16 65  0 70  9 12 12 24 
10 96 15 86  9 48  7 74 16 10 13  4  8 55  5 53  2 56 17  1  0 52 12 52 14 86 19  6  6 65 18 58  1 80  4 96 11 38  3 94 
18 68  3 23 11 50  9 80 10 83  0 71 12 33  7 48  6 28  4 60  2 76  1 18 14 32 17 65 13 33  8 98 19 28  5 92 16 95 15 11 
10 74 12 79 17 40  1 53 11 24  9 30 15 52  6 26 19 90  2 53 16 50 18 91 14 70 13 90  5 31  7 35  3 66  8 90  4  1  0 21 
 5 45 16 17 11 81  8 97 17 81  4 67 10 82  6 24  3 27 14 52  2 59  7 55 12 74  9 25 15 58  1 62 13 29  0 88 19 97 18 80 
10  1 11 24  1 11 16 88  0 77  3 64  7 27 19 13 14 52 17 49  9 19  4 62 18 10  8 42 15 97 12 49 13 76  5 59  6 36  2 43 
15 92 10 82 16 21 11 70  8 89  0 26 19 24  5  1 17 22  7 12 14  6 12 34  3 88  1 28 13 54  9  8 18 74  2 41  4  1  6 74 
19 29  2  7  9 78 12 90  6 78 11 94  5  7 16 53 10  8 15 92  8 18  7 59  4 59 13 96  3 52  1 69 18 64 17 76  0 82 14 36 
14 18  4 64 12 86 16 82  0  6  9  2 17 82  2 46  7 22  6 13 19 92  1 38  5 72  3 45 11 66 13 48 10 10  8 94 18 83 15  5 
 7 27  0 30  9 99 13 72  4 17 11 69  2 59 10  3 19 93  1  4 14 30  3 18  8 36  5 65  6 93 12 37 15 10 18 45 16 14 17 98 
16  9  7 66  5 33 10 35  9 25 13 44  1 13  3  8 14 47 15 80  8 99 12 23 18 59  0  2 19 89 11 16  2 30 17 45  4  3  6 55 
11 74  3  7 14  3  2 96  6  9  9 44  7 15 19 16  8 98 15 19 10  8 12  1 13 87 18  9  5 48 16 76  1 26  0 63 17 52  4 12 
 8 90 10 39  3 58 16 30  0 35  6 80  9 69 11  7  7 70  1 52 19 88 17 56 14  8  4 12  2  4 13 48 18 57  5 34 15 70 12 13 
19 91 11 39  7 86 12 47  3 61 16 19 14 72  6 63  8 44 10 95 15 52  0 61  9  7 13 94 18 77 17 58  5 11  4 21  1 54  2 80 
10 14 14 62 15 13 12 84  1 15  8 19  9 70 18 32 11 57  2 38 17 90  5 37  6 31 19 64  3 20  4 12 13  9  7 75 16 90  0 15 
 3 48  8 13 13  5 12 13 18 19 15 87  4 80  7  6  6 54 16 41  5 56  9 10 19 64  2 26 10 33 11 11 14 20  0 32  1 24 17 27 
 1 65  3 89  2 39  7 77 15 18  0 42  6 45  5 83 12 54  4 63 16 82  9 50 11  9 17 72  8 46 18 51 14 36 19 27 13  9 10 48 
15 34 18 85  8  2  5 29  3 17  4 60 10 69 14 55 16 34  7 12  2 17 19 60  9  1 13 63 12 62  0 14 11 76  6  2  1 85 17  9 
 1 13  3 44  9 98  6 16  0 63 16 31 18 73  4 75 10 31 15 46 14 85 19 79  8 67 12  6 11 25  2 40  5 39 17 16  7 60 13 64 
17 23  3 94 19 55 13 25 12 93  1 30  6 95 16 56  9  1 10  3  7 77 18  1 11 52  8 52  5 21  2  5 15  1  0  9  4 23 14 78 
 2 10  4 68  5 56  0 72  7 63  3 80 16 91 11 80  6 22  8 70 18 39 10 38 17 57 12 79  1 60 14 19 15 95 13 35 19 41  9  3 
14 55  5 50  8  2  3 69 11 44 15 19  4 70 13 71 16 53  1 98  7 65 12  4 19 46  9 94  6 48  2 86 10  6  0 34 17 97 18 45 
18 85  0 38 11 27  2 93  1 81  4 17 15 14 16 78 17 89  3 90 10 97  5 97 19 12  9 28  8 72 14 93  6 18 12 90  7 53 13 23 
 9 83  0 11 15 94 13 44 12 80 18 94 14 24  6 65 10 22  7 74 16 62  1 58 11 86  5 49  8 94  2 29 19 75  4 13 17 26  3 82 
13 31  7 76 11  9  2 16  4 28 10 88  6 97 19 43  8 14  0 89 17 38  1 66 18 62 14  8  3 41  9 81 15 38 12 16 16 26  5 16 
 7 51  9  1 12 80 11 63  3  1  2 61 18 98 13 58 10 47  1 15 14 83 16 16  8 50  6 36  0 13  4 46 17 97  5 87 19  3 15 50 
13 98 16 65  1 22 19 31 14 38 11 45 15 72  4 72 18 37  5 63 10 37  0 50  9  6  7 30  2 11 12 34  6 46  8 34  3 37 17 82 
15 31 10 19 12 30 13 80  5 24 17 74  2 67  6 39 11 35  0 79  3 42  1 24  7 45 19  5  8 13 14 44 16 93  4 33  9 34 18 28 
11 19  4  4 15 52  8 82 13 42 14 71  2 19  3 47  7 17 10 67  6 38  0 23  5 79 12 95  9 21 16 56 17 19 19 52  1 25 18 68 
10 58  9 37 11 46 19  4 12 73  7 86 18  8  6 51  8 46 14 38 16 33  0 34  2 89  3 90  1 73  5 81 15 37 17 50 13 80  4 63 
10 74 18 26 15 75 19 40  3 29  1 79 16 83  2 40  5 35 13 53 14 57 12 99  0 57  7 94  8 99 11 53 17 93  9 75  6 29  4 79 
18 39 10 21  2 51  6 92  7 92  1 36  4 73  5 53  0 62 17 97 15 62  3 17 11 80  9 29 14 86 16 89 12 26 13 29  8  9 19 83 
14 89 18 88 19  9 11 63  6 64 16 85 10 95 15 87  5 44  1 15 13 23  8 10  3 93 12 67 17 69  7 13  9 35  2 71  0 51  4 90 
 1 53 14 72  2 49 18 11  6 52  3 61  0 36  4 99 11 49 12 83 19 10 13 32 17 39 16 39  8 86  5 13  9 54  7 91 15  6 10 51 
16 77  1 59 11 83 17 50 12 88  9  8 14  9  0 58  6 45 18 25  7 11  3 34 13 68 19 35  5 26  4 48 15  1  8 48  2 12 10 56 
 4 24  3 60  0 20  8 16 12 65  2 66 16 47 18 43 14 63 17  9 15 14  6 70  5 46 11 32 10 54 13 17 19 85  7  6  9 12  1 11 
13 89  9 19  1 25 12 62 11 72 18 21  6 32  8 56  7 61  2 23 16 33  5 66 19 65  3 10 10 27  0 39 15 46  4 31 14 23 17 24 
11 15 19 99  0 14 12 33  5 81 18 39 10 49 17 96  9 31  2 62  3 40  6 54  7 53 16 91  1 87 13 36 14 79  4 27 15  2  8 34 
 6 41 13 15  7 27 19 90  1 91 14  2 15 69  3 89 17 30 11 67  2 37 12 22  9 79  8 78  0 73 10 71 18 67  4 48  5 10 16 54 
 4 61  7  2 13 27  9 20  5 75  6  2  0 58 15 36 17 54 14 46 10 85 19 27 11 63  2 42 16 88  8 75 18 30  1 46  3 19 12 12 
12 19 18 59  3 73 13 90  7 20 10 27  4 36  6 16  9 53  8 68  2 10  5 59 11 83 19 22 16  6 17 91  1 22 14 74 15 99  0 61 
18 97 15 85 11 29  7 20 10 99 14 29  6 49 16 86  3 96  2 83  0 14  4 95 13 17  9 45  1 65  8 48 19 64  5  9 12 26 17 36 
 7 59 18 54  6 77  4 99  1 90  9 61 19 65 17 58 16 42  2 86 15 64  5  3 13 55  8 79  3 88 14 13  0 63 12 66 11 83 10 85 
 7 92  0 29 11 62 14 81  9 81  2 97 10 96  3 66  4 81  1 75 13 93  8 51 17 73 16 76 15 33 19 34  5 95 18  4  6 59 12 69 
13 18 14 59 11 15  7 56 19 85  1 32  6 68 15 70 18 24  4 53  8 12  5 69 10 35  3 89 16  6 12 41 17 87  9 41  0 85  2 51 
 2  4  6 70 10 84  8 80 11 17 15 43 13 50  5 17 19 50 18 66  7 24 12 15  9 90  1 83 14 45  3 15  0 72 17 26 16 89  4 83 
15 13  7 52 14 88  0 54 12 50  3 59  6 51 19 36 13 87  9 98 11 26 10 56  5 89  2 38 18 48 17 58  1  3  8 72 16 10  4 81 
19 63  4 29 15 64 13 50 11 11  7 38  0 19  3  7 14 59  6 40 12 56 17  5  2 59 16 83 18 46  1 41  5 90  9  4 10 24  8 34 
 4  9  0 82 11 69 10 14 15 77  8 39  9 27 16 98  7  8  6 53  2 15 19  1 14 68 12 56  5 72  1 61  3 49 18 35 13 67 17 21 
 1 84  2 41 10 78  4 53  7 82 14 32  9 51 11 27 19 56 18  4  8 19  5 41 12 80  0 33 16 71  3 18 15 13 17  3 13 43  6 95 
 7 68 18 59  2 67 15 24 10  2 11 69 13 45 17 85  9 51 19 46 14 86  1 11  4  2  6 97 16 53  5 44  8 64 12 33  0 32  3 53 
 7 24  8 97 14 11 15 69  1  6 10 12 16 84  3 32 13  1  0 90  6 32  2 98  5 79 17 36  9 56  4  1 19 17 18 84 11 80 12 64 
12 47 17 64  5 16 18 64 16 69  1 16  7 45  2 62  0 16 10  5 11 26  3 70 14 48  9 58 19 75 13 13 15 11  4 47  6 50  8 29 
17 72 10 51 19 16  4 32  3 43  8 61  1 11  5  1 14 74 12 17  9 15  2 72 13 87 18 81 11 26 16 26  6 74  0 30  7 79 15 40 
 5 59 11 69  1 98  6 60 16 73 14 37  9 35 15 47 13 17  3 93 18 83  7 27  0 95  2 77 19 67 17 30 10 78  4 26 12 45  8 55 
 1 42  3 93 13 88 17 89 14 31 19 89 11 59  6 86  8 28 10 23 16  4 12 72 15 43  7 28  0 52  9 18 18 60  5 91  2 86  4  6 
 2 84  3  8 13 84  4 67 17 84 14 11 12 89 19 38 18 12 15 74  9 14 11 50  5 83 10 42  8 77  0 88  1 58  7 58 16  8  6 17 
12 28 14 15 11 97  5 31  1 15  6 35 16  9  9 59 18 50 13 98  0 86 10  6 17 49  3 24 15 89  4 56  7 85 19 14  2 78  8 20 
 1 51 11 25 14 56  0 67 18 51 13 44  4 80 19 66  5 23 12 74  7 12 16 52 17 13 15  4  8 36  2 69  3  5  6 21  9 57 10 79 
 9 53 19 48  7 17  6 42  2 70 13 99 11 23 18 79 16 42  8 88 14 23  3 77  1 59  4 45  5 84  0 58 15 47 10 91 12 29 17 48 
 3 52  2 74  6 35 15  3 16 45 18 36  8 92 14 20 10 58 12 14 13  5  1 93 17 46  0 36  5 94 11 76  7 63  4 95  9 66 19 49 
12 42 11 62 13 83 16 59  7 60  9  8  3 15 19 10 10  1 14 78  2 27  0 98 18 35  6 22  1 80 17 77 15 86  5 63  4 44  8 39 
12 10 19  6  5 62 11 67 14 66  4 38 13 20  7 76  6 94 15 67 18 34  1 59  0 27  3 61 17 10  2 67 10 21 16 90  8 73  9 14 
12 17  2 37 10 21 11 91  8  7 18 44 17 22  6 50  5 31 13 82  9 53 14 21  4 89 16 35 19 48 15 16  3 70  1 93  0 41  7  5 
12 63 14 68 18 45  0 41  9 78  3 74 15 97 16 14  2 48 13 54 17 91  7 92 11 91 10 64  5 61 19  6  8  6  4 60  1 65  6 73 
 2 91 18 58  8 75 10 11 17  7 12 86 19 70  9 26  7 53  4  5 11 81 14 66  1 57  3 77  0 89 16 49 13  3 15 59  6 93  5 37 
 5 33 11 97  0 81 18 35 16 83  6 28  3 47  7 34 13 23  9 96 10 31 14 94 19 63 15 21 12  1  1 56 17 36  8 50  4 91  2 88 
 8 37  1 70  7 38 15 84 17 25 12 32 14 72 18 37 16 23  0 14  3 44 13  3  9 25  4 91 19 97 11 88 10 64  6 81  5 65  2 59 
11 40 13 23  0 52  4 39  8 64 19  9 14 65  2 22 17 71 12 51 18  7  6  7  3  7  5 34 10 59 15  2 16 45  1 41  7 96  9 20 
 0 48  9 63  2 47  7 12  4 56  3 86 15 86 17  1  6 20  1 80 10 82  8  4 19  8  5 55 16 85 18 75 11 22 14 11 12 46 13 48 
16 76 11 56  6 19 13  7 17 44 14 90  2 23  5 12  1 57  4 99  8 75  9 22 15 59 19 96  3  5  0 67 18 94  7 64 12 88 10 77 
11 87 14 22 18 14  8 19  1 98  9 68  5 47 10 97  2 10  3 71 16 66  0 42  4 21 17 49 13 87 19 49  6 54 12 74 15 92  7 25 
 3 22 19 64 14 21 10 44 16 34  7 43  0 14  1 73 12 38  5 58 11 52  6 26 18  6  8 56  4 98  2  2 15 98  9 49 13 91 17 65 
 6 58  9 56 11 73  4 22 14 65  8 94 10 98 19 13  5 25 12 66 18 35 17 50  3  8 15 47  0 33  1 24 16 53 13 39  7 43  2 96 
 6 99  1 72  5 40 18 88 13 39 15 26  9 57  3 81  7 63  8 71 16 93 14 59 10 12  4 71 17 87 11 52 12 67  0 27 19 70  2 91 
12 63 16 87  2 72  3 44  0 20 18 77  9 48 10 34 19 62  4 64 13 26 15 68  6 92 17 18  7 51  5 43 11 15  8 70  1 23 14 56 
 6  6 15 39  0 65  5 47  2 69 12 17 19 35 10 94  3 52  7 58 13 63  4 63 11 89 16 56  8 30  1 24 18 37 14  3  9 61 17 12 
 4 80  1 50 15 35 19 43  0 96 18  3 16 81 14 10 12 14 11 32  3 54  9 21 10 57  8 78  2 56 17  8  6 60  5 37  7 47 13  2 
12 93 19 46 13 47  8 13 10 87 14 60 17 83  1 69  7 32  3 12  4  2 18 89  5  3  6 12  2 14 15 99  0 69 11 12 16 79  9 72 
15 99 12 55 11 44 19 16  3 49  0 86 14 40  4 40  1 41 13 36 18 93  8 34 17 88  2 90  7 99  5 37 16 54  6 82 10  4  9 55 
 4 31  6 26  5 12  7 48  1 41  2  2 13 25  3 17  9 32 18 77 16 98 15  2 12 82  0 92 11 33 17 53 10 53  8 28 14 27 19 86 
19 86 17 59 18 40 12 42  5 46 15 78  0 14  8  7  4 49  1  6  6 28 10 12 13 73 16 35 14 64  2 57  7 77 11 64  9 63  3 15 
16 17 15 59 18 60  8 37  1 95  7 78 17 61 10 45  0 51  9 67 12 34 14 45 11 47  5 86 13 74  6  5  3 67  4 79  2 27 19  9 
12 70 11 23  1 29  0 78  8 54  6  3 15 27  3 82 17 30  9 90  7 27 19 95 13  8 18  9 14 58  4 41 16 25  5 87 10 35  2 24 
 9 39  1 62 19 80 16 74  7 25  5 43 17 79 11 52  8 12  0  6  2 67  3 46 18 37  4 14 12 37 15  2 10 82 14 12 13 38  6  9 
10 84  5 87 15 40 16 12  2  9  9 62  4 27  0 68  8 24 19 79 14 52 13 18  1 57 12 93 17 61 18 15 11 61  3 21  7 93  6 57 
 8 54  5 89  9 30 19  4  2 37 11 72 18  1  4 10  3 65  7 81 12 22  1 17  6 72 10 41 14 51 15 42 16 21  0 39 17  1 13 59 
 4 65  6 82 12 11  5 85  9  8 15 53  0 89 16 29 11 60  3 22  7 46  8 29 17 22 18 71 13 35 19  6  2 22 10 77 14 69  1 30 
16 43 15 35 10 84  3 68  5 85 14  3 12 11 18 13 13 66  0 74  1 30  8 54 19 12 17 94  7 85  4 86  2 74 11 17  6 88  9  6 
11 81  5  3  3 69  4 81  0 52  9 59 16 88 17 99 13 63 12 35 18 48 10 26  2 44  1 38 14 32 19  4  7 80 15 44  8 86  6 90 
15 35  2 14 11 63 12 25  5  7  1 22 10 72  3 38  7 63 14 80 18 65 19 84 13  8  4 18 17 79  8 42  6 94  9 89  0 29 16 40 
16 98 17 76 13 87  2 69  1 65  6 64 14 58  4  7 18 18 15  7 19  9  0 36 12 48  8 48  9 83 10 43  5 35  3 84 11 32  7 84 
14 22  0 95 17 92 19 95 18 70 11 84  4  3  3 56 12 31 15 10 10 35 13 47 16 94  9 61  7 45  2 47  1  4  5  1  6 35  8 53 
16  1 15 22 14 46  6 91  4 78  5 48  1 32 19 93  0 28 10 91  2 16 12 52 17 48 13 43  8 11  9 68  3 44  7 51 11 11 18 33 
14 26  3 65  5 93 18  8  6 44 16 98  1 50 19 36 10  5  2 68 12  6  9 49  0 46  4 55 17  1  7 94 13 13 11 39 15 90  8 40 
10 63 16 30  7 24 11 41 14 97  5 71 13 92 12 91 17 22  6 97  9 49  2 40  3 37  1 36  8 23 15 83 18 53  0 71 19 64  4 76 
 5 37 15 60 13 79 16 25 18 83 19 21  8 10 11 78  4 75  6  9  3 70  2 36  0 41 17  8  1  1 10 19 12  1 14  6  9 67  7 46 
13  5  0 29 11 76  7 16 18 81  5  9  6 94  8 82 14 71  4  5  9  3 10 38 19 25 15 85  1 45  2 62  3 30 12 58 17 10 16 20 
 5 85 11 99 13 30  9 23 17 91  3 32 14 61 12 42 19 11  4 56 16 33  1 30 15 27  2 19 18 14  0 81 10 21  8 56  7 57  6 68 
 1  4  7 20 15 37  9 62 19 79  5 62 17 71  8 18  2 82 11  7  3 42 12 97  6 10  0  6 14 25 10 70 16 27 13 87 18 69  4 53 
12 14 13 19  6 36 18 52  8 88  2 67 14  2  1 30 16 83  4 86  7 97  9 33  0 23 19  5  5 42 11 77 10 47  3 58 17 23 15 44 
 5 82 13 73  9 91 11 78 10 54 16  1  4 30 18  9  0 37 17  3  8 71  3 26 14 98  2 70  7 35 19 55 12 72  6 47 15 35  1 85 
10 36  1 14 17 96  2 61 19  3 14 30  0 98  8 75 15 41 16 79  3 96  9 73 18 54  4 72 12 29  7  6  6 31  5 32 11 34 13 50 
19 93 13 16  3 96  7 73 10 94  6 36  9 29  2 38 14 63 11 14 17  7 12  7  4 56 16 54  5  7 15 83 18 33  8 60  0 88  1 58 
16 64 12 11 14 13 19  4  9 74  8 23 15 84 18 62  0  8  6 42  2 96 11 26 13 41  7  2  4 28  3 14  1 99  5 14 17 65 10 80 
 4 10  3 99 10 20 15 80 11 60  5  2  0 98 12 97 14  1  1  1  2 59 19  1 16 26 18 99  8 89  6 38  7 15 17 47  9 74 13 14 
 1 52 19 50  5 13 14 73 12 88 13 67 18 78  9 82  7 18 16 86  0 27  6 34 10 26 15 30 17 17  4  2 11 87  2 85  8 40  3 77 
 4 70  6 98  3 23 13 29  1 88 10 31  2  7  5 92 18  3 16 80 17 18  7 39 15 57  8 56  9  8 19  1  0 79 14 90 11 74 12 55 
19 25  6 29  0 51  3 83  5 91  4 93 12 44  8 16  2 23  7  7 17 57 18 56  9 72  1 41 10 68 14 25 13 63 16 43 15 87 11 53 
 9 35 18 12 12 89 10 41  1 70  2 18 13 70  6 69  8  5 17 59  7 30  4 34 11 23  3 42  0 45 15 92 19 92 16 60 14 98  5 41 
11 61  1  4  2 30 15 50 13 50  8 39  4 41 10 15 16 22 14 55 12 37 17  7 18 88  6 58  5 90  0 64  3  7 19 23  7 19  9 37 
16  4 12 57 10  1  2 80  6 21 18 35  9 32 17 98  0 78  1 50 15 79  4 53 19 40 11 19  7 25 13 84  8 91  5 51 14 95  3  4 
13 73  5 92  8 25 19 41  9 58 15 36  1 50 10 90  4 98 17 39 18 94 14 64  2 15  0 29  7 27  3 89 16 50 12 26 11 38  6 11 
14 82  2 37  3 99  6 34 12 94  5 46 16 74 19 45  4 78  1 41  9 58  7 43  0 71 15 59 11 25 17 55 18 84 13 48 10 84  8 57 
 2 11 11 53  0 39 15 81 19 66  6 99  4 73  3 76 17  7 14 91  9 33 16 47 18 14  8 51  1 25 13  4  5 15  7 26 10 79 12 70 
 6 79 15 97  9  9  0 56 14 50  8 43 13 55  1 32  4 91  5 75 17 83 18 17 12 55 10 43 19 80 11 62  2 60  7  3 16 56  3 33 
13 97  2 40 12 32  3  7  5 85  6 60 17 19 19 13  8 54 10 62 16 47  0 11 15 32 11 49 18 65  9 69  7 67  1 96  4  7 14 71 
19  7  7 54 15 19 14 14 10 68  9 74  4  1 17 62 13 53  2 51  8 35  6 23 11 88  1 68 18 53 16 39  3 65  0 64 12 93  5 93 
12  9  0 28 17  6 18 73  6 73  5 71 11  7  3 57  2 95 10 93 15 56  7 67  9 23 13 30  8 98  1 37  4 34 14 27 19 45 16 62 
 3 32  0 71 14 47  5 16  4 50 15 96  2 31 17 10 12 63 10 10 16 74  7 88  6 32 11 50  8 93  9 41 19 55 13  5 18 69  1 83 
 7  4  4  8 15 91 13 54 11 59  9 51  1 58  8 55  6 63  0  3 12 64 18 38 19 21 14  8  3 69 16 93 10 95  2 61 17 37  5 74 
 7 86  4 46  1 71 19 94  6 84 14 72 13 51 12 75  0 46 17 17 11 35 18 22  5 43 15 64 10  4  8 32  9 22  3 71 16 26  2 62 
 1 44  9 55  5 12 14 38 17 35  0  6  3 61  2 93 18 18 13 62  4 42 11 23 12  9  6 71  8 79 19 84  7 90 10 67 16 92 15 48 
 1 78 18 22 12  8  0 85  5 92 11  8  9 45 14 38  2 20 15 38  8 73  6 53  3 44 17 19 10 75 13 41  7 71  4  6 19 84 16 74 
 8 30 19 41 18 20  7 49  4 60 16 59  6 40 15 72  9 31 12 26  1 55 14  3 17 61  2 57 10 58  3 87  0 88 13 40 11 94  5 78 
 7  8  2 15  1 66  6 46 11 22 12 66 14 13 18  7  9 30 15 64  3 55  8 31 17 96 16 82 19 60  0 14 13 63  4 56  5 71 10 63 
16 29  3 10  5 78 10 46 15 94  8 97  6 85 14 86 13 63 19 50 18 49  7 27 17 63 11 81  2  4  0 80  4  9 12 95  1  6  9 83 
 5 63 11 28  1 37  0 62 16 56 10 73  6 54  2 70  7 53  8  7 12 35 14 64 18 22  4 98 15 41 19  6 17 88  9 20 13  5  3 86 
 8 84  3 84  2 21 14 35  0 54  1 98 16 95  6 54 11 63  9 59  4 74 18 90 19 68 10 98  5 39 17 83 13  5  7 19 12 74 15 73 
 2  1 16 41  9 31  6 10 19 99  3 94  0  9  7 69 12 55 17 92 18 17  5 89 14 73 10 10  4 98 13 38 15 13 11 52  1 48  8 87 
11 70  7 40 15 18 14 41  2 26  0 65  1  7  4 56 12 32  9 37  3 32 19 48 16 77  5 26 17 91 10  5 13 33 18 74  8 90  6 97 
15  1 11 55  8 80 14 27  3 58 13 92 18 18  0 91  4 23  6 96  1 86 17 40 19 17 12 39  9 49  5 31  2 60  7 53 16 74 10 23 
 6 73 17 19  5 89  0 90  7 27 15 84 18 73 19 30  1 51 12 33  2 84 10 21  4 38  8 29  3 34  9 12 14 57 16 46 13  9 11  8 
16 65  6 39 17 15  5 72 11 65  9  6 13 99 19 83  1 65 14 84  2 85  7 90  8 23 18 45  0 74 15 88  4 26 12 41 10 61  3 28 
 3 86  5 60 17 48 15  8  6 18 13 14 12 71 16 41 14 76 10 57  0 72 18 23  1 81  7 50  8 60 11 15  4 33 19 54  2 67  9 80 
12 25 15 19 19 88  3 68 10 40 16 42  2 60 18 29 11 87  7 57  9 77  8 23 17 91 13 34  0 96  1 22  4 84  5 26 14 66  6 76 
 5 41  6 23 12 34  3 31  4 65 10 43 15 51  0 35 17 42 14 56 19 29  8 79  7 22 16 66  9 68 13 32  1 21 11 82  2 42 18 66 
 1 29 17 24 18 48 15 13  0 93 14 68  5 17 11 51  8 49  3 76 16 40  6 88  2 85  9 43 13 56  4 31 12 77  7 88 10 53 19 53 
 8 17  6 18  1 36 10  1  5 54 12 20  0 95 11 20  2 57  3 42  4  3 15 55 17 18 13 39 19 85 18 28  7 21 14 49  9  7 16 98 
 0 89 14 97 18 66 15 17  5  2  7 32 12 94 11 71 10 87 16 45  6 45  9 21 19 91  2 30  3 33  8 20 17 97  4 34 13 15  1 24 
10 57  2 89 18 78 13 21 11 58  9 78 14 25  4 51 15  7 12  1 19 61 17 92  1 13  3 73  6 35 16 46  0 61  8  4  7 68  5  3 
10 77  4 79  7 61 18 52  8 74  9 31 17 71 19 98  1  4 14 62 16 44 15 38 11 25 13 29  5 40  0 30  2 65  3 79 12 57  6 10 
 0 50  3 95  1 33 19 34 15 49  8 25 16 22 11 87 13 46 10 13  5 96  9 98  6 43  7 80 17 70 12  7 14 97  4 19 18 74  2 47 
10 83  6 93  8 90  2 96  7 75 15 41 13 68  9 43 18 77 12 32 16 75  1  1 17 28 11 11 14 90  5  5  4  4  3 63 19 79  0 92 
18 61 12 65  6 48 19  2 15 98 16 44  1  4  2 50  7 66  3 97 17 26  4 85  0 71  9 52 11 32 13 98 14 60 10 88  8 75  5 43 
 9 97 15 42  8 77 14  4  0 80  7 95  3 17 18 50  4 32 13 44  2 93 12  2  6  5 19 68  5 78 16 21 11 70 17 18 10 49  1  5 
16 86 18 18 15 71  0 19  6 13  2 72 12 12 14 64  3 78 11 37  9 69 13 13  7 78  8 60  5 71 19 63 10 77 17 41  4 84  1 71 
 9 17  6 80 12 96 18 44 15  2 11 92 17 32  3 57  7 74 14 32 10 48  0 61  4 47 16 78 19 81  8 86  1 29  2 64 13 48  5 34 
16  8 13 79 17 71 14 87 12  1 15 61 18 82  8  7 19 53  6 70  2 54 11 62  5 75 10 13  0 53  3 53  4 78  1 97  9 18  7 39 
16 70  2 55 14 92  3 59 19 62  9 16  6  4 17 29 15 18  0 20  7 56 11 82  5 33 12 77 18 64  8 25 10 75  1 46 13 54  4 55 
13 71  9 69  1  9 18 92  7 69 12 91 19 63  2  3 11 96  6  9 17 48  3 29 16 14 14 15 15 11  4  2  8 43  0 52  5 54 10 96 
 3 72 19 65  9 18 16 80 14 55  5 45  4 34  6 67 15 59 11  5  1 38  7 99  8 91 10 15  2 42 13 74  0 24 17 23 18 10 12 53 
11  3  7 17 15 78 16 72  3 63  2 92 12 35  5 62 17 86 19  5 14 55  6 77  9 95 10 49  8  6 18 58  0 16 13 78  1 62  4 73 
 8 38 15 51 13 28 14 76 18 38 16 96 19 91  0 32  7 90 17 73 12 56 11 67  4  4  1 55  3 77  9 20  6 43  2 62  5 79 10 49 
17 37  8 71  2 80 11 33  9 95  4 41 10 15 15 67  5 10 19 94  0 63 14 97  6 56 16 42 18 35  3 63  7 16 12 92  1 13 13 88 
 0 14 18 41 12 82  4 47  8 49 14 52  5 64  6 25 16 12 13 56  2 47  7 42  9 77 15 89 17 92  1 41  3 75 19 23 11 40 10 91 
 9 99 15 52 14 30 12 27  7 86  3 29  5 80 19 78  0 76  2 13  1 12  8 23  4 66 16 30  6 66 18 52 10 67 11 42 13 91 17 84 
19 94  4  7 10 40 18 29  1 87 17 18  0 82  8 75  5 32  9 45 14 19  6 23 12 69  7  1  2 92 15  9  3 29 13 37 16  8 11 78 
 4 79 11 39  9 46 17 95  0  4 12 55 14 80  1 79 19 35 13 11  2  4  3 24 15 63 16 14  6 34  8 14 10 57  7 58  5 14 18 60 
 3  1 10 32 16 15 19 15  7 72  1 41 12 49  2 17 15 12  5 39  0 66 17 64  9 10 13 24 14 60 18 76  6 72  8 47 11 99  4 92 
 2 28 18 62  9 64 16 95 14 94  0 86  3 87  6 11  5 46  4 64 15 86 12 76  8 11  1 32 10 44 17 31 11 77 19 99  7 16 13 97 
 7 78  2 28 11  2 14  3  0 88 12 69 13 34  3 99  8 33  1 70 18 18 16 22  5 41 17 20 15 21  9 44  4 66 10 18 19 73  6 80 
 1 20 18 22 12 76  6 43  8 60  5 91 19 88 11 26  9 12  3  8  2 65 13 39 17 49  4 83 10 30  0 78 15 21 14 96  7  6 16 56 
 6 56 12 52  8 73 10 20 11 76 19 73  2 21  3 21  4 40 18 69 16 19  5 93  0 92 15 74 13 88 17 74  7 95  9 43  1 50 14 77 
 4 79  7 57 17 70  5 34 16 28 15 28 12 84 11 40  0  6  6 53 19 42  2 99  3  7 18 18  1 23  9 12 14 87 10 86 13 13  8 66 
 3 67 16  2 19 69  6 87 10 56 17 22  4 24 15 67  1 60  0  7  9  2  8 71  2 63 12 63  5 99 18 79  7 84 14  7 11 97 13 84 
12 19 19 98  5 65  4 56  8 21 15 81  9 91  2 52 16 86 10 64  1  2 13  6  7 81 11 81 17  5 14 84 18 88  3 70  6 76  0 72 
 3 73  4 73 13 24  8 26 19 22 18 53 14 94  5 81 12 25 15 57 10 47  1 86  9 79  6 92 11 45  0 17 17  3 16 12  7 60  2 60 
13 66 18 71 19 69 17 77 16 95  9 30  6 45 14 46  8 35  0 33 12 95  1 20 11 30 10 50 15 92  3 97  4 99  2  2  5  2  7 24 
19 91  4 85 17 16  3 91 15 40 18 59 11 64  0 30 10 62  7 94  6 67 14 75 12 22  5 46  8 97 16 40  2  9 13 38  9  7  1 94 
 2 99 10 82 13 94  8 20 11 41 12 85  9 21  4 80 16 53  6 50 15 73  1 37 14 89 19 60  0 30  5  5  3 10  7 12 17 40 18 29 
 7 34 17 27 11 75  4 74  2 82 12  9 15 75  9 87 18 81 16 12  8 12 14 26 10 18  5 89 19 84  0 87  6 14  1 93 13 20  3 81 
11 93  1 48  6 61  2 57  7 89 17 62 10 51  5 89 16 43  4  9 13 73 19 24  3 17  8 73  0 12 15 76 18 72 12 11 14 34  9 75 
18  7  7 62 11  2  3 28  9 73  1 57 12 51  4 75 13 86  5 25 14 98 17 63  8 41  2 64 15 24  6 62  0 40 16 21 10 34 19 44 
 4 71  1 44  6 66 18 93  0 61 13 66  3 42  7 51 15 32  5 52  8 31 11 30 12 63 10 29  2 90 19 75 17 94  9  9 16 40 14 22 
11 14  4 46 10 10  5 52 14  7  8  1  6 13  0 77  9 37  2 63 15 37 19 59 13 33  3 30  1 78 17 38  7 77 18 12 16 46 12 33 
17 72  3 71  1 84 15 10 13 95  6 24 12 18 19 56  7  3 16 49 11 77 10 19  0 70  4 24  2 50 18 19  5 60 14 45  8 77  9  6 
14 11 15 20 12 12 19 61 17 99 18 29 10 38  1 76  6 48 13 56  3 98  9 80  4 52  0 30 11 23 16 59  7 66  2  4  8 43  5 26 
 5 80  2 71  4 50 10 69 19 27  0 54  3  4 18 60  1 93  7  1 16 76 12 11 11 88 14 87  9 42 15 73 17 87 13 40  8 15  6 72 
18 79  1  4 14  8 11 65 19 72 16 70  9 69 17 99  3  1 15 73  0 57 13 52 10 80  7 85 12 58  5  8  6 31  4 91  2 89  8 60 
10 88  2 39 19 70  6 65  0 78 15  9 18 65  5 54 13 96 14 14 12 46 17 51  7 64 11 55  1 56 16  6  4  2  9 15  8 53  3 20 
 4 57 14 39 17 78 16 71 15 91  3 57  5 73  7 36 11 81 19 92 18 59  9  8 13 24 12 48  2 88  0 69  6 49  8 55 10  7  1 82 
12 31  8 56  3 97 14 98 18 18 19 55 15 69  6 33 11 73 13  4 16 44  0 97  1 76 10 21  5 39  2 73 17 85  7 30  9 65  4 15 
 8  2 16 76 17 94 12 62  1 28 14 91  2 37  6 62  7 49  3 34 10 71 18 65 13 56  0 78  5 10 19 52 15 43 11 92  9 34  4 58 
 8 28 13 79  9 40  0 44 10 33 19  2  4 85 18 53 17 19  7 71  2 16 15  8 12 38 11 52  3 98  1 30  5 15 14  5  6 16 16 88 
 2 89  1 36 19  2 15 42  8 74 11 89  5 69 16 13  7 14 12 83  0 46 18 78 17 69 13 48 10 64  9 64 14  2  3 34  6 38  4 40 
13 30  4 92 18 48 11 93 12 74 15 71  3 85 14 25  5 98  8 71 10  1  9 83  0  8 16 73  6 44  1 26 17 38 19 68  2  9  7 63 
19 45 16 77 17 11 18 49 12 54  3 93  6 42  8 43 15 57  9 17  7 61  4  9  1 65 13 32  5 28  2 53 11 63 14 17  0 66 10 66 
 7 57  5  4 13 30 12 33  9 99 19  4  1 51  0 42 14 76 10 44 17 16  8 90  6 89 15 91  2 61  3 81 11 86 16 92  4  7 18  7 
18 33  1 58  8 22  5 22 13 63 12  7  7 22 11 78 19 84  4 95 10 83  2  7 16 66  3 35 14  9  0 29  6 43 17 88  9 95 15  7 
 8 88 12 52 17 18  7 46 11  8 14  5 10 76  1 20  5 19 18 71  0 30  9 22 15 57 13 53  3 91  6 68 19  8 16 47  2 81  4 33 
15 48 13 53 14 34  2 61 10 23  9 11 12  5 19 81  0 30  5 25  8 13 17 68  1  9 16 38 18  6  3 99 11 18  4 19  7 53  6 81 
18 50  7  3  5 61 15 88 12 98  6 56  4 92  0 87 13 34 11 29 17 89  9 80  8 96 16 26  3 41 10 97 19 66  1 49  2 19 14 33 
19 59  4 66  7 26 17  8 14 41  3 63 12 69  8 64  6 58 18  2  9 92 10 26  2 13 11 40  1 88 16 34  0  8 13 45  5 94 15 72 
11 46  4 95  7 36  2 26 15 79  3 76  0 37  8 73 12 41 10 94  5 82 16 36 19 48  6 96 13 73 18 79 17 30  1 15 14 87  9 34 
17 30  5 17 11 94 10 82  3 44 18 78  6 97  0 99 15 82 13 87 16 56 14 87 19 42  9 52 12 87  7 15  4  1  8  2  2 90  1 71 
 4 40  8 13 18  6 13 43  3 46  7 84 15 66  6 14  0 66 16 16 19 94 12 63  9 16 11 36 17 40 10 49  5 53  2 34  1 60 14  8 
 3  1  8 40  6 59 11 83 12 69 15 76  4 38 17 46 13 65  0 65 16 61  1 73 10  2 14 63 19 20  7 74 18 45  9 40  5 76  2 70 
10 37  8  4 12 33  3 80  1 41  7 74 15 67 13 27 16 83 18  2  2 52 11 53 17 59  0 27  6 15  4 44 14 45 19 17  5 55  9 59 
 0 10 17  9 18 19  7 60 10 88  2 88  1 29 16 60 13 48  6 85  5 89 11 47 14 98  8 16  4  9 19 98  3 52  9 95 15 49 12 96 
 3 77  2 96  4 70 11 19 16 40  8 97 12 12  9 63 15 82 13  7 14 76 19 93  5 86  7 82  6 46  1 19 17 47 10 90  0 45 18 11 
 6 67  8 42  7 17  5 55 10 59 17 50 12 58  1 89  9 90 14 49 13 86 16 20 15 41 19 19  4 53 11 94  3 87  0 63 18 53  2 21 
 2 20 12 70 16 20 11 71  0 39 14 35  4 19 18 90  8 60  7 24  5 77 13 59 10 55  3 17  9 35  6 77 19 93  1 33 17 60 15 16 
17 53 18 46  6 12  7 21  0 20  3 22 15 27  8 38  1 43 10 66  9 38 11 98 14 55  2 41  5 99 19 17 16 91 12 73  4 24 13 59 
12  5  9 82  8 32 17 28  2 43  5 50 14 85 13 58 10 13 19 50 18 20  1 51  3 17  4 54 11 16  0 20  6 98 15 45 16 87  7 56 
 6 74  2  8 13 20  7 63 16 93  9 22  4 87 11 66 12  9 14  4 15  7  8 30 19 92 10 36 18 68 17 78  5  6  1 48  0 85  3 26 
 0 44 10  4 12 16 13 72  6 70  3 52 15 85  4 79 16 79 14 76  9 64 11 71  2 83 18 37  1 84  5 11  7 22  8 28 17  2 19 57 
 3 86 17 45 15 13 13  3 19 24  7 47 12 30 11 19  6 17 18 25  8 92  4 75  0 96  5 24 16 16  9 74 14 67  1 70  2 42 10 90 
16 47 18  6 10 19  5 38  4 12  8 93 15 55 14 63  3 41 19 14  0  3  6 11  9 76 17 32 12 83  7 33  2  2 11 76  1 73 13 27 
10 58  7  2 13 77  8 72  6 98  5 60 16 38  2 44 18 67  9  1  3 57  0 48  1 37 15 89 12 81 11 79 19 81 17 33  4 22 14 33 
 1 26 10 15  7 17  4  9 19 91  3 40  5 18  9  6 13 49  6 90 15 11 11 68 17 26 14 67  2 14 18 94 16 85  0 96  8 11 12 97 
14 15  8  3  5 51 16 15  0 69 19 12  9 23 15 33 18 66 10 24  4 44  1 78 17 48  3 50 11 89  7  6 12 58  2 20  6  5 13 69 
15 62  2 52  8 19 18 92 13 40  0  1  6 97  9 56 17 74  4 46  3 33 12 33 10 28 19 84 14 51 16 25 11 59  5 90  1 38  7 59 
 0 64 12 37 15  2  1  9 10  6  3 34  4  1  7 42  9 92  6 61 19 48 14 61 17 62 13 11  2 78 18 29  5 40  8 15 16 61 11 39 
 9 81 13  9 15  4  6 67 17 35 10 89  8  7 16  1  1 55  2  3  4 11  0 35 19 66  3 19  5 28  7 69 11 22 14  3 12 42 18 56 
 4 91  1 26  2  5  5 98 18 10  0 72  7 78  8 81 14 11 16 51 13 63  6 80 11 29 12 63  3 66  9 80 15  3 17 68 10 50 19 16 
 4 95 13 43 17 70  5 12 10 73  3 10  2 88  6 85 14 43  0 57 16 70 12 15  9 13  8 54 15 96 19 99  7 18 11 64  1 85 18 53 
 4 48  1 16  3 56 15  9  6 66 18 83  9 26  7 40 19 28  5 73 10 79 14 47  2 82 16 59 13 64  0 37  8 79 11 27 17  6 12 99 
13 99  0 33 19 85  2 27  5 93  3  3  6 56 16 11 12 81 11 42 17 10 10 73  9 27 15 59  8 18  7  1 14 62 18 55  1 59  4 60 
 0  6  5 67 14 42 11 39  1 14  4 39 12 49 10 12 15 91 19 67  8 91 16 69  2 38  3 13 18 40 17 39 13  4  9 55  6  2  7 85 
 8 83 11 15  6 18 12  9 18 87  4 66 16 24 13  2  0 90  1 54 19 28 17 87  3 50  5 76  2 59  7 28  9 53 10 79 15  9 14 31 
 6 71  2 92  0 38  4  6 14 86  1 17 18 22  3 88  9 80  5  4 11 13 13 82 12 44 19 71  7  7 16 36 15 43  8 10 10 65 17 21 
 1 49 13 50 19 60  2 63 18 51  5 62  7  4  3 86  8 27 12 32 15 32  6 66  4  4 14  4 16 23  9 99 11 99  0 78 10  2 17 38 
 2 47  0 76  1  7 12 62  7 32  3 64  8 28 16 45 14 65 11 91 19 36  9 44  4 80  5  5  6  7 10 20 15 54 17 87 18 85 13  5 
 0  2 15 78  3 78 11 39 17 94  9 94 16 83 10 46 12 97  4 19  7 64  8 96 18 22  1 47 14 32  2 71 13 93  5 92 19 13  6  9 
10 51 13 48  6 60 14 99  2 53 17 35 15 19  5 78 18 65  8 72  9 72  3 60  4 92 16 15 11 61  7 29  1 99 19 74 12 53  0 11 
14 41 10 54 17 17 12 91  5 48  4 80  7 95 11 84 13 13  8 91  0 44  2 81 16 74 15 44 18 32  9  9 19  4  3 13  6 60  1 83 
17 13  6  4 12 23  0 84 16 41  5 73  9 77  4 23  7 16 13 56 11 19 15 63 18 72  8 35  1 62  2 45  3 50 10 89 19 38 14 76 
 9 17  0 98  6 22 14 86  2 32  3 92 12  2  7 27  5 52 16 41 19 11  1 46 10 97  8 45 18 92 11 55 13 58 17 95  4 58 15 20 
19 52 15 90 12 37 17 63 18 25 14  2 13 50  4 53  1 67  0 21  6 86  2 90  9 31  8 59 11 45  7  5 16 75  3 93  5 28 10  8 
11 17 13 90 10 80  9 90  2 72  8 31  5  6  4 85  6 30 18 60 17 69 14 91  7 27 12 29 16 21 19 36  3 13 15 74  0 60  1 11 
 8 74  0 80 12 93 10 91  9 60 13  8  1 96  3 61  4 73 17 27 19 62 18 78 15 45 11 77  6 62  5 83 14 25  7 71  2 11 16 58 
19 98  8 32  5 97 18 26  2 16 14 65  3 16 15 97 12  5  4  4 16 95  0 10 11 88 13 35  7 77  1 36  9 44  6 76 10 75 17 14 
11  4 16 47  7 71 14 32 15 20 19 54  1 87 13 59  2  5 17 10  9 43  3 13  6 24  4  8 10 27  0 33  5 56  8 13 18 33 12 35 
11 17  3 19 14 71  0 91 17 23  4 25 15 45 13 69  2 86  8 91 18 95  1 36 12  9 19 25  5 48 10 99 16 87  9 52  6 19  7 67 
13 72  4 18 18 91 11 69 15 13  0 43 16 80  3 63 19 41 17 82  1 20  8 31 14 83  5 55 12 89  6  5  9 68  2 38 10 81  7 41 
 7 53 13 63  4 35 19 69  0 31  8 39 15 21  5 97  1 31 18 11 16 76  3 29 11 88  9 68 12 96 10 79 17 37 14  9  2 80  6 88 
 8 99 11  8  7 84 18 70  4 45  0 91  6 10  9 97  5 94 13 73 17 33 10 20 15 78 12 43 16 34  2 92 14 39 19 36  3 49  1 73 
15 19  3 16  8 69 11 96 17 43 16  8  9 70 14  9  6 18 10 41  1 89  4 40 18 88 12 89 13 67  0 58  7 39 19 44  2 33  5 17 
 5 35  7 76 11 19 18 57 10 82  1 99 16 11 13 39  4 31  9 25  6 65 14  2  8 77 19 70  0 68 12 25  2 74  3 46 15 31 17 31 
11 45  9 61  6 54  8 72 18 35  7 68  1 89  4 19 17 69 10 10  3 74 15 56 12 64 19 11 16 12  2 42 13 92  5 82 14 60  0 19 
10 23  3 73  4 26 15  4 16 25  1  6  2 33 14 29  7 11 11 82 19 29 13 53  0 83 12 61  6 26 17 79 18 97  8 93  5 32  9 61 
17 69  5 86 11 43  2 11 13 25  0 76  7 57 12 34  6 64  9 33  4 68  8 90 14 63 16 38  1 44 18 52 19  9 15 53 10  7  3 77 
 4 54  5 62  0 42 18 63  9 87 16 98 19 94  3 70  1 26  2 14 17  4  6 85  8 44 13 71 10 21 11 37 12 30 14 46  7  2 15 76 
10 13 13  7  5 19  0  4  7 39 16 57  4 52 19 98  9 27  2 54 11 77 17 82 14 66 15 96 18 43  3 78  8  3  1 12  6 61 12 67 
 0 51  4 49  6 76  3 30 15 21  5 98  2 22 10 64 11 45 14 14 13  1 17 79 16 69  8 14  9 71 18 77 19 74  1 65  7 57 12 63 
15 16 12  9 19 30 13 62 11 23 18 47  4 31 16 22  5 55 17 99  2 50  8 42  7 18 14 49  0 72  9 56 10 54  6 95  1 69  3 93 
 6 34  5 90 15 86  2 45  9  5  4 99  1 79 19 95 17 95 10 82  0 95 11 43 12 34 14 95  7 52  8 46 16 66  3 13 18 43 13 47 
18 72  7  3  4 75 17 32 16 51  9 57  8 62  3 51 12  2 14 98  6 63 19 60  2 93 15 56 10 53  0 90  1 93  5 47 13 78 11 31 
10 13  9 87  5 26  1 73 14 37 19 65  0 34 18 77  3 46  7 33 16 78  6 51  4  5  2 73 12 41 13 71 15 74  8 44 11 48 17 52 
17 20 15 40 16 28  4 58 13 32  1 73  9 76 10 84 11 31 19 38  0 92  5 13 14 42  8 76 12 54  7  4  2 76  3  7 18 40  6 28 
19 37 11 79 13 70  6 49  4 40 18 25  1 51 12 66 17 27  9 94  3 37 14 35  0 28  8 85 10 84  7 37  5 47 16 53 15 82  2 86 
 7 88  8 97  1 99 15 81 14 48  5  3  3 67 11 62  2 41 19 53  4 68  6 70 18 48 12 98 16 36 17 29  9 38 10  1 13 13  0 83 
 5 26  7 82  4 58 16 13  2 92 19 35 18 55 10 88  0 32  1 75 11 85  8 98 17 11 13 39 14 74 12 61  9 57  3 59  6 63 15 53 
 9 70  5 28 18 97 16 81  7 54 15 60  8 71  0 15  3 87  6 25 12 94  1 39 10 20 14 74 13 49 19 82 17 47  4 62 11  5  2 24 
15  6  8  8  9 52 17 41  1 33 14 52  3 28 12 61  5 86 16 88  6 66 11 13 10 64  4 94 13 10 18  9  7 79  2 56  0 12 19 74 
12 70  0 99 10 99 11 25  2  7  9 43  7 88  5 75 16 74 13 44  6 44 15 80  3 41  8 74 14 57 19 84 18 19  1 27 17 25  4 78 
14 64 15 88  8 45 16 54  5 46 11 53 12  7  0 96  9 37  3 92 18 11 17 38 13 69  6 93  4 90 19 28  1 49 10 78  7 96  2 45 
 7 43 18 86  0 15 14  1 12 51 17  7  8 95 10 80 16 97  4  3 19 74 13 97  2 70 15 89  6 64  3 97  1 40  9 32 11 52  5 64 
 3  1 10 32 16 15 19 15  7 72  1 41 12 49  2 17 15 12  5 39  0 66 17 64  9 10 13 24 14 60 18 76  6 72  8 47 11 99  4 92 
 2 28 18 62  9 64 16 95 14 94  0 86  3 87  6 11  5 46  4 64 15 86 12 76  8 11  1 32 10 44 17 31 11 77 19 99  7 16 13 97 
 7 78  2 28 11  2 14  3  0 88 12 69 13 34  3 99  8 33  1 70 18 18 16 22  5 41 17 20 15 21  9 44  4 66 10 18 19 73  6 80 
 1 20 18 22 12 76  6 43  8 60  5 91 19 88 11 26  9 12  3  8  2 65 13 39 17 49  4 83 10 30  0 78 15 21 14 96  7  6 16 56 
 6 56 12 52  8 73 10 20 11 76 19 73  2 21  3 21  4 40 18 69 16 19  5 93  0 92 15 74 13 88 17 74  7 95  9 43  1 50 14 77 
 4 79  7 57 17 70  5 34 16 28 15 28 12 84 11 40  0  6  6 53 19 42  2 99  3  7 18 18  1 23  9 12 14 87 10 86 13 13  8 66 
 3 67 16  2 19 69  6 87 10 56 17 22  4 24 15 67  1 60  0  7  9  2  8 71  2 63 12 63  5 99 18 79  7 84 14  7 11 97 13 84 
12 19 19 98  5 65  4 56  8 21 15 81  9 91  2 52 16 86 10 64  1  2 13  6  7 81 11 81 17  5 14 84 18 88  3 70  6 76  0 72 
 3 73  4 73 13 24  8 26 19 22 18 53 14 94  5 81 12 25 15 57 10 47  1 86  9 79  6 92 11 45  0 17 17  3 16 12  7 60  2 60 
13 66 18 71 19 69 17 77 16 95  9 30  6 45 14 46  8 35  0 33 12 95  1 20 11 30 10 50 15 92  3 97  4 99  2  2  5  2  7 24 
19 91  4 85 17 16  3 91 15 40 18 59 11 64  0 30 10 62  7 94  6 67 14 75 12 22  5 46  8 97 16 40  2  9 13 38  9  7  1 94 
 2 99 10 82 13 94  8 20 11 41 12 85  9 21  4 80 16 53  6 50 15 73  1 37 14 89 19 60  0 30  5  5  3 10  7 12 17 40 18 29 
 7 34 17 27 11 75  4 74  2 82 12  9 15 75  9 87 18 81 16 12  8 12 14 26 10 18  5 89 19 84  0 87  6 14  1 93 13 20  3 81 
11 93  1 48  6 61  2 57  7 89 17 62 10 51  5 89 16 43  4  9 13 73 19 24  3 17  8 73  0 12 15 76 18 72 12 11 14 34  9 75 
18  7  7 62 11  2  3 28  9 73  1 57 12 51  4 75 13 86  5 25 14 98 17 63  8 41  2 64 15 24  6 62  0 40 16 21 10 34 19 44 
 4 71  1 44  6 66 18 93  0 61 13 66  3 42  7 51 15 32  5 52  8 31 11 30 12 63 10 29  2 90 19 75 17 94  9  9 16 40 14 22 
11 14  4 46 10 10  5 52 14  7  8  1  6 13  0 77  9 37  2 63 15 37 19 59 13 33  3 30  1 78 17 38  7 77 18 12 16 46 12 33 
17 72  3 71  1 84 15 10 13 95  6 24 12 18 19 56  7  3 16 49 11 77 10 19  0 70  4 24  2 50 18 19  5 60 14 45  8 77  9  6 
14 11 15 20 12 12 19 61 17 99 18 29 10 38  1 76  6 48 13 56  3 98  9 80  4 52  0 30 11 23 16 59  7 66  2  4  8 43  5 26 
 5 80  2 71  4 50 10 69 19 27  0 54  3  4 18 60  1 93  7  1 16 76 12 11 11 88 14 87  9 42 15 73 17 87 13 40  8 15  6 72 
18 79  1  4 14  8 11 65 19 72 16 70  9 69 17 99  3  1 15 73  0 57 13 52 10 80  7 85 12 58  5  8  6 31  4 91  2 89  8 60 
10 88  2 39 19 70  6 65  0 78 15  9 18 65  5 54 13 96 14 14 12 46 17 51  7 64 11 55  1 56 16  6  4  2  9 15  8 53  3 20 
 4 57 14 39 17 78 16 71 15 91  3 57  5 73  7 36 11 81 19 92 18 59  9  8 13 24 12 48  2 88  0 69  6 49  8 55 10  7  1 82 
12 31  8 56  3 97 14 98 18 18 19 55 15 69  6 33 11 73 13  4 16 44  0 97  1 76 10 21  5 39  2 73 17 85  7 30  9 65  4 15 
 8  2 16 76 17 94 12 62  1 28 14 91  2 37  6 62  7 49  3 34 10 71 18 65 13 56  0 78  5 10 19 52 15 43 11 92  9 34  4 58 
 8 28 13 79  9 40  0 44 10 33 19  2  4 85 18 53 17 19  7 71  2 16 15  8 12 38 11 52  3 98  1 30  5 15 14  5  6 16 16 88 
 2 89  1 36 19  2 15 42  8 74 11 89  5 69 16 13  7 14 12 83  0 46 18 78 17 69 13 48 10 64  9 64 14  2  3 34  6 38  4 40 
13 30  4 92 18 48 11 93 12 74 15 71  3 85 14 25  5 98  8 71 10  1  9 83  0  8 16 73  6 44  1 26 17 38 19 68  2  9  7 63 
19 45 16 77 17 11 18 49 12 54  3 93  6 42  8 43 15 57  9 17  7 61  4  9  1 65 13 32  5 28  2 53 11 63 14 17  0 66 10 66 
 7 57  5  4 13 30 12 33  9 99 19  4  1 51  0 42 14 76 10 44 17 16  8 90  6 89 15 91  2 61  3 81 11 86 16 92  4  7 18  7 
18 33  1 58  8 22  5 22 13 63 12  7  7 22 11 78 19 84  4 95 10 83  2  7 16 66  3 35 14  9  0 29  6 43 17 88  9 95 15  7 
 8 88 12 52 17 18  7 46 11  8 14  5 10 76  1 20  5 19 18 71  0 30  9 22 15 57 13 53  3 91  6 68 19  8 16 47  2 81  4 33 
15 48 13 53 14 34  2 61 10 23  9 11 12  5 19 81  0 30  5 25  8 13 17 68  1  9 16 38 18  6  3 99 11 18  4 19  7 53  6 81 
18 50  7  3  5 61 15 88 12 98  6 56  4 92  0 87 13 34 11 29 17 89  9 80  8 96 16 26  3 41 10 97 19 66  1 49  2 19 14 33 
19 59  4 66  7 26 17  8 14 41  3 63 12 69  8 64  6 58 18  2  9 92 10 26  2 13 11 40  1 88 16 34  0  8 13 45  5 94 15 72 
11 46  4 95  7 36  2 26 15 79  3 76  0 37  8 73 12 41 10 94  5 82 16 36 19 48  6 96 13 73 18 79 17 30  1 15 14 87  9 34 
17 30  5 17 11 94 10 82  3 44 18 78  6 97  0 99 15 82 13 87 16 56 14 87 19 42  9 52 12 87  7 15  4  1  8  2  2 90  1 71 
 4 40  8 13 18  6 13 43  3 46  7 84 15 66  6 14  0 66 16 16 19 94 12 63  9 16 11 36 17 40 10 49  5 53  2 34  1 60 14  8 
 3  1  8 40  6 59 11 83 12 69 15 76  4 38 17 46 13 65  0 65 16 61  1 73 10  2 14 63 19 20  7 74 18 45  9 40  5 76  2 70 
10 37  8  4 12 33  3 80  1 41  7 74 15 67 13 27 16 83 18  2  2 52 11 53 17 59  0 27  6 15  4 44 14 45 19 17  5 55  9 59 
 0 10 17  9 18 19  7 60 10 88  2 88  1 29 16 60 13 48  6 85  5 89 11 47 14 98  8 16  4  9 19 98  3 52  9 95 15 49 12 96 
 3 77  2 96  4 70 11 19 16 40  8 97 12 12  9 63 15 82 13  7 14 76 19 93  5 86  7 82  6 46  1 19 17 47 10 90  0 45 18 11 
 6 67  8 42  7 17  5 55 10 59 17 50 12 58  1 89  9 90 14 49 13 86 16 20 15 41 19 19  4 53 11 94  3 87  0 63 18 53  2 21 
 2 20 12 70 16 20 11 71  0 39 14 35  4 19 18 90  8 60  7 24  5 77 13 59 10 55  3 17  9 35  6 77 19 93  1 33 17 60 15 16 
17 53 18 46  6 12  7 21  0 20  3 22 15 27  8 38  1 43 10 66  9 38 11 98 14 55  2 41  5 99 19 17 16 91 12 73  4 24 13 59 
12  5  9 82  8 32 17 28  2 43  5 50 14 85 13 58 10 13 19 50 18 20  1 51  3 17  4 54 11 16  0 20  6 98 15 45 16 87  7 56 
 6 74  2  8 13 20  7 63 16 93  9 22  4 87 11 66 12  9 14  4 15  7  8 30 19 92 10 36 18 68 17 78  5  6  1 48  0 85  3 26 
 0 44 10  4 12 16 13 72  6 70  3 52 15 85  4 79 16 79 14 76  9 64 11 71  2 83 18 37  1 84  5 11  7 22  8 28 17  2 19 57 
 3 86 17 45 15 13 13  3 19 24  7 47 12 30 11 19  6 17 18 25  8 92  4 75  0 96  5 24 16 16  9 74 14 67  1 70  2 42 10 90 
16 47 18  6 10 19  5 38  4 12  8 93 15 55 14 63  3 41 19 14  0  3  6 11  9 76 17 32 12 83  7 33  2  2 11 76  1 73 13 27 
10 58  7  2 13 77  8 72  6 98  5 60 16 38  2 44 18 67  9  1  3 57  0 48  1 37 15 89 12 81 11 79 19 81 17 33  4 22 14 33 
 1 26 10 15  7 17  4  9 19 91  3 40  5 18  9  6 13 49  6 90 15 11 11 68 17 26 14 67  2 14 18 94 16 85  0 96  8 11 12 97 
14 15  8  3  5 51 16 15  0 69 19 12  9 23 15 33 18 66 10 24  4 44  1 78 17 48  3 50 11 89  7  6 12 58  2 20  6  5 13 69 
15 62  2 52  8 19 18 92 13 40  0  1  6 97  9 56 17 74  4 46  3 33 12 33 10 28 19 84 14 51 16 25 11 59  5 90  1 38  7 59 
 0 64 12 37 15  2  1  9 10  6  3 34  4  1  7 42  9 92  6 61 19 48 14 61 17 62 13 11  2 78 18 29  5 40  8 15 16 61 11 39 
 9 81 13  9 15  4  6 67 17 35 10 89  8  7 16  1  1 55  2  3  4 11  0 35 19 66  3 19  5 28  7 69 11 22 14  3 12 42 18 56 
 4 91  1 26  2  5  5 98 18 10  0 72  7 78  8 81 14 11 16 51 13 63  6 80 11 29 12 63  3 66  9 80 15  3 17 68 10 50 19 16 
 4 95 13 43 17 70  5 12 10 73  3 10  2 88  6 85 14 43  0 57 16 70 12 15  9 13  8 54 15 96 19 99  7 18 11 64  1 85 18 53 
 4 48  1 16  3 56 15  9  6 66 18 83  9 26  7 40 19 28  5 73 10 79 14 47  2 82 16 59 13 64  0 37  8 79 11 27 17  6 12 99 
13 99  0 33 19 85  2 27  5 93  3  3  6 56 16 11 12 81 11 42 17 10 10 73  9 27 15 59  8 18  7  1 14 62 18 55  1 59  4 60 
 0  6  5 67 14 42 11 39  1 14  4 39 12 49 10 12 15 91 19 67  8 91 16 69  2 38  3 13 18 40 17 39 13  4  9 55  6  2  7 85 
 8 83 11 15  6 18 12  9 18 87  4 66 16 24 13  2  0 90  1 54 19 28 17 87  3 50  5 76  2 59  7 28  9 53 10 79 15  9 14 31 
 6 71  2 92  0 38  4  6 14 86  1 17 18 22  3 88  9 80  5  4 11 13 13 82 12 44 19 71  7  7 16 36 15 43  8 10 10 65 17 21 
 1 49 13 50 19 60  2 63 18 51  5 62  7  4  3 86  8 27 12 32 15 32  6 66  4  4 14  4 16 23  9 99 11 99  0 78 10  2 17 38 
 2 47  0 76  1  7 12 62  7 32  3 64  8 28 16 45 14 65 11 91 19 36  9 44  4 80  5  5  6  7 10 20 15 54 17 87 18 85 13  5 
 0  2 15 78  3 78 11 39 17 94  9 94 16 83 10 46 12 97  4 19  7 64  8 96 18 22  1 47 14 32  2 71 13 93  5 92 19 13  6  9 
10 51 13 48  6 60 14 99  2 53 17 35 15 19  5 78 18 65  8 72  9 72  3 60  4 92 16 15 11 61  7 29  1 99 19 74 12 53  0 11 
14 41 10 54 17 17 12 91  5 48  4 80  7 95 11 84 13 13  8 91  0 44  2 81 16 74 15 44 18 32  9  9 19  4  3 13  6 60  1 83 
17 13  6  4 12 23  0 84 16 41  5 73  9 77  4 23  7 16 13 56 11 19 15 63 18 72  8 35  1 62  2 45  3 50 10 89 19 38 14 76 
 9 17  0 98  6 22 14 86  2 32  3 92 12  2  7 27  5 52 16 41 19 11  1 46 10 97  8 45 18 92 11 55 13 58 17 95  4 58 15 20 
19 52 15 90 12 37 17 63 18 25 14  2 13 50  4 53  1 67  0 21  6 86  2 90  9 31  8 59 11 45  7  5 16 75  3 93  5 28 10  8 
11 17 13 90 10 80  9 90  2 72  8 31  5  6  4 85  6 30 18 60 17 69 14 91  7 27 12 29 16 21 19 36  3 13 15 74  0 60  1 11 
 8 74  0 80 12 93 10 91  9 60 13  8  1 96  3 61  4 73 17 27 19 62 18 78 15 45 11 77  6 62  5 83 14 25  7 71  2 11 16 58 
19 98  8 32  5 97 18 26  2 16 14 65  3 16 15 97 12  5  4  4 16 95  0 10 11 88 13 35  7 77  1 36  9 44  6 76 10 75 17 14 
11  4 16 47  7 71 14 32 15 20 19 54  1 87 13 59  2  5 17 10  9 43  3 13  6 24  4  8 10 27  0 33  5 56  8 13 18 33 12 35 
11 17  3 19 14 71  0 91 17 23  4 25 15 45 13 69  2 86  8 91 18 95  1 36 12  9 19 25  5 48 10 99 16 87  9 52  6 19  7 67 
13 72  4 18 18 91 11 69 15 13  0 43 16 80  3 63 19 41 17 82  1 20  8 31 14 83  5 55 12 89  6  5  9 68  2 38 10 81  7 41 
 7 53 13 63  4 35 19 69  0 31  8 39 15 21  5 97  1 31 18 11 16 76  3 29 11 88  9 68 12 96 10 79 17 37 14  9  2 80  6 88 
 8 99 11  8  7 84 18 70  4 45  0 91  6 10  9 97  5 94 13 73 17 33 10 20 15 78 12 43 16 34  2 92 14 39 19 36  3 49  1 73 
15 19  3 16  8 69 11 96 17 43 16  8  9 70 14  9  6 18 10 41  1 89  4 40 18 88 12 89 13 67  0 58  7 39 19 44  2 33  5 17 
 5 35  7 76 11 19 18 57 10 82  1 99 16 11 13 39  4 31  9 25  6 65 14  2  8 77 19 70  0 68 12 25  2 74  3 46 15 31 17 31 
11 45  9 61  6 54  8 72 18 35  7 68  1 89  4 19 17 69 10 10  3 74 15 56 12 64 19 11 16 12  2 42 13 92  5 82 14 60  0 19 
10 23  3 73  4 26 15  4 16 25  1  6  2 33 14 29  7 11 11 82 19 29 13 53  0 83 12 61  6 26 17 79 18 97  8 93  5 32  9 61 
17 69  5 86 11 43  2 11 13 25  0 76  7 57 12 34  6 64  9 33  4 68  8 90 14 63 16 38  1 44 18 52 19  9 15 53 10  7  3 77 
 4 54  5 62  0 42 18 63  9 87 16 98 19 94  3 70  1 26  2 14 17  4  6 85  8 44 13 71 10 21 11 37 12 30 14 46  7  2 15 76 
10 13 13  7  5 19  0  4  7 39 16 57  4 52 19 98  9 27  2 54 11 77 17 82 14 66 15 96 18 43  3 78  8  3  1 12  6 61 12 67 
 0 51  4 49  6 76  3 30 15 21  5 98  2 22 10 64 11 45 14 14 13  1 17 79 16 69  8 14  9 71 18 77 19 74  1 65  7 57 12 63 
15 16 12  9 19 30 13 62 11 23 18 47  4 31 16 22  5 55 17 99  2 50  8 42  7 18 14 49  0 72  9 56 10 54  6 95  1 69  3 93 
 6 34  5 90 15 86  2 45  9  5  4 99  1 79 19 95 17 95 10 82  0 95 11 43 12 34 14 95  7 52  8 46 16 66  3 13 18 43 13 47 
18 72  7  3  4 75 17 32 16 51  9 57  8 62  3 51 12  2 14 98  6 63 19 60  2 93 15 56 10 53  0 90  1 93  5 47 13 78 11 31 
10 13  9 87  5 26  1 73 14 37 19 65  0 34 18 77  3 46  7 33 16 78  6 51  4  5  2 73 12 41 13 71 15 74  8 44 11 48 17 52 
17 20 15 40 16 28  4 58 13 32  1 73  9 76 10 84 11 31 19 38  0 92  5 13 14 42  8 76 12 54  7  4  2 76  3  7 18 40  6 28 
19 37 11 79 13 70  6 49  4 40 18 25  1 51 12 66 17 27  9 94  3 37 14 35  0 28  8 85 10 84  7 37  5 47 16 53 15 82  2 86 
 7 88  8 97  1 99 15 81 14 48  5  3  3 67 11 62  2 41 19 53  4 68  6 70 18 48 12 98 16 36 17 29  9 38 10  1 13 13  0 83 
 5 26  7 82  4 58 16 13  2 92 19 35 18 55 10 88  0 32  1 75 11 85  8 98 17 11 13 39 14 74 12 61  9 57  3 59  6 63 15 53 
 9 70  5 28 18 97 16 81  7 54 15 60  8 71  0 15  3 87  6 25 12 94  1 39 10 20 14 74 13 49 19 82 17 47  4 62 11  5  2 24 
15  6  8  8  9 52 17 41  1 33 14 52  3 28 12 61  5 86 16 88  6 66 11 13 10 64  4 94 13 10 18  9  7 79  2 56  0 12 19 74 
12 70  0 99 10 99 11 25  2  7  9 43  7 88  5 75 16 74 13 44  6 44 15 80  3 41  8 74 14 57 19 84 18 19  1 27 17 25  4 78 
14 64 15 88  8 45 16 54  5 46 11 53 12  7  0 96  9 37  3 92 18 11 17 38 13 69  6 93  4 90 19 28  1 49 10 78  7 96  2 45 
 7 43 18 86  0 15 14  1 12 51 17  7  8 95 10 80 16 97  4  3 19 74 13 97  2 70 15 89  6 64  3 97  1 40  9 32 11 52  5 64 
